Time (min)	Temperature (°C)	Motor (rpm)	pH	Antifoam	Pressure	Oxygen	Flowmeter	Distance	OUR	Conexão
0.00	-1	0	-1	-1	-1	-1	-1	-1	-1	Ok
0.00	-1	0	-1	-1	-1	-1	-1	-1	-1	Ok
0.00	-1	0	-1	-1	-1	-1	-1	-1	-1	Ok
0.00	-1	0	-1	-1	-1	-1	-1	-1	-1	Ok
0.00	-1	0	-1	-1	-1	-1	-1	-1	-1	Ok
0.31	-1	0	0	-1.0	-1.0	86.5286	-1.0	-1.0	-1	Ok
0.33	-1	794	0	-1.0	-1.0	85.9482	-1.0	-1.0	-1	Ok
0.34	-1	794	0	-1.0	-1.0	85.2456	-1.0	-1.0	-0.279244125202774	Ok
0.36	-1	794	0	-1.0	-1.0	84.5736	-1.0	-1.0	-0.29196637742984427	Ok
0.38	-1	794	0	-1.0	-1.0	83.9016	-1.0	-1.0	-0.3039315581005722	Ok
0.39	-1	794	0	-1.0	-1.0	83.2295	-1.0	-1.0	-0.31574418529062726	Ok
0.41	-1	794	0	-1.0	-1.0	82.588	-1.0	-1.0	0.3529737238577318	Ok
0.43	-1	794	0	-1.0	-1.0	81.9465	-1.0	-1.0	0.33312033623711046	Ok
0.44	-1	794	0	-1.0	-1.0	81.3356	-1.0	-1.0	0.3147560174672406	Ok
0.46	-1	794	0	-1.0	-1.0	80.7246	-1.0	-1.0	0.295653669545778	Ok
0.48	-1	794	0	-1.0	-1.0	80.1137	-1.0	-1.0	0.2760844386618394	Ok
0.49	-1	794	0	-1.0	-1.0	79.5333	-1.0	-1.0	0.25674707401672214	Ok
0.51	-1	794	0	-1.0	-1.0	78.9529	-1.0	-1.0	0.23728429411126245	Ok
0.53	-1	794	0	-1.0	-1.0	78.403	-1.0	-1.0	0.2177851782841863	Ok
0.54	-1	794	0	-1.0	-1.0	77.8532	-1.0	-1.0	0.19822260532364294	Ok
0.56	-1	794	0	-1.0	-1.0	77.3033	-1.0	-1.0	0.17832585923765032	Ok
0.58	-1	794	0	-1.0	-1.0	76.784	-1.0	-1.0	0.15872295805926867	Ok
0.59	-1	794	0	-1.0	-1.0	76.2647	-1.0	-1.0	0.13958241511719788	Ok
0.61	-1	794	0	-1.0	-1.0	75.776	-1.0	-1.0	0.12052501872122584	Ok
0.63	-1	794	0	-1.0	-1.0	75.2872	-1.0	-1.0	0.10140846839172729	Ok
0.64	-1	794	0	-1.0	-1.0	74.829	-1.0	-1.0	0.08221702193047531	Ok
0.66	-1	794	0	-1.0	-1.0	74.3708	-1.0	-1.0	0.063316333016882	Ok
0.68	-1	794	0	-1.0	-1.0	73.9126	-1.0	-1.0	0.037538798954966146	Ok
0.69	-1	794	0	-1.0	-1.0	73.4849	-1.0	-1.0	0.011834868171961332	Ok
0.71	-1	794	0	-1.0	-1.0	73.0572	-1.0	-1.0	-0.013935951652910172	Ok
0.73	-1	794	0	-1.0	-1.0	72.6296	-1.0	-1.0	-0.03991258099026784	Ok
0.74	-1	794	0	-1.0	-1.0	72.263	-1.0	-1.0	-0.06568367017506171	Ok
0.76	-1	794	0	-1.0	-1.0	71.8659	-1.0	-1.0	-0.09103254219763068	Ok
0.78	-1	794	0	-1.0	-1.0	71.4993	-1.0	-1.0	-0.1169062745169252	Ok
0.79	-1	794	0	-1.0	-1.0	71.1328	-1.0	-1.0	-0.14259784487864097	Ok
0.81	-1	794	0	-1.0	-1.0	70.7967	-1.0	-1.0	-0.16828705411476197	Ok
0.83	-1	794	0	-1.0	-1.0	70.4607	-1.0	-1.0	-0.19339273561983888	Ok
0.84	-1	794	0	-1.0	-1.0	70.1552	-1.0	-1.0	-0.21861570801195085	Ok
0.86	-1	794	0	-1.0	-1.0	69.8498	-1.0	-1.0	-0.24343606018381625	Ok
0.88	-1	794	0	-1.0	-1.0	69.5443	-1.0	-1.0	-0.2685307207884928	Ok
0.89	-1	794	0	-1.0	-1.0	69.2694	-1.0	-1.0	-0.2935876400486615	Ok
0.91	-1	794	0	-1.0	-1.0	68.9944	-1.0	-1.0	-0.3178832345383203	Ok
0.93	-1	794	0	-1.0	-1.0	68.7501	-1.0	-1.0	-0.342130195032167	Ok
0.94	-1	794	0	-1.0	-1.0	68.4751	-1.0	-1.0	-0.3657471873726743	Ok
0.96	-1	794	0	-1.0	-1.0	68.2613	-1.0	-1.0	-0.38986759532329873	Ok
0.98	-1	794	0	-1.0	-1.0	68.0169	-1.0	-1.0	-0.41272546547544764	Ok
0.99	-1	794	0	-1.0	-1.0	67.8031	-1.0	-1.0	-0.4362197757965632	Ok
1.01	-1	794	0	-1.0	-1.0	67.6198	-1.0	-1.0	-0.4590342208919042	Ok
1.03	-1	794	0	-1.0	-1.0	67.406	-1.0	-1.0	-0.48120593895137903	Ok
1.04	-1	794	0	-1.0	-1.0	67.2532	-1.0	-1.0	-0.5037589179308635	Ok
1.06	-1	794	0	-1.0	-1.0	67.07	-1.0	-1.0	-0.5249194564585512	Ok
1.08	-1	794	0	-1.0	-1.0	66.8867	-1.0	-1.0	-0.5461794857384168	Ok
1.09	-1	794	0	-1.0	-1.0	66.7645	-1.0	-1.0	-0.5673218450308042	Ok
1.11	-1	794	0	-1.0	-1.0	66.6118	-1.0	-1.0	-0.5869247714715072	Ok
1.13	-1	794	0	-1.0	-1.0	66.459	-1.0	-1.0	-0.606970458315502	Ok
1.14	-1	794	0	-1.0	-1.0	66.3368	-1.0	-1.0	-0.6263539231583481	Ok
1.16	-1	794	0	-1.0	-1.0	66.2146	-1.0	-1.0	-0.6449055367291054	Ok
1.18	-1	794	0	-1.0	-1.0	66.0925	-1.0	-1.0	-0.6630173161333663	Ok
1.19	-1	794	0	-1.0	-1.0	66.0008	-1.0	-1.0	-0.6808732265848695	Ok
1.21	-1	794	0	-1.0	-1.0	65.9092	-1.0	-1.0	-0.6978376849329927	Ok
1.23	-1	794	0	-1.0	-1.0	65.8175	-1.0	-1.0	-0.7143991836121902	Ok
1.24	-1	794	0	-1.0	-1.0	65.7259	-1.0	-1.0	-0.7306654277459987	Ok
1.26	-1	794	0	-1.0	-1.0	65.6648	-1.0	-1.0	-0.7463727808722274	Ok
1.28	-1	794	0	-1.0	-1.0	65.5731	-1.0	-1.0	-0.7613934759064103	Ok
1.29	-1	794	0	-1.0	-1.0	65.5121	-1.0	-1.0	-0.7761790948841144	Ok
1.31	-1	794	0	-1.0	-1.0	65.451	-1.0	-1.0	-0.7902268581384844	Ok
1.33	-1	794	0	-1.0	-1.0	65.3899	-1.0	-1.0	-0.8036039914426918	Ok
1.34	-1	794	0	-1.0	-1.0	65.3593	-1.0	-1.0	-0.8164928411402138	Ok
1.36	-1	794	0	-1.0	-1.0	65.2982	-1.0	-1.0	-0.8288101369260809	Ok
1.38	-1	794	0	-1.0	-1.0	65.2677	-1.0	-1.0	-0.8410023991730246	Ok
1.39	-1	794	0	-1.0	-1.0	65.2371	-1.0	-1.0	-0.8525667122545205	Ok
1.41	-1	794	0	-1.0	-1.0	65.2066	-1.0	-1.0	-0.8637392011702989	Ok
1.43	-1	794	0	-1.0	-1.0	65.176	-1.0	-1.0	-0.8742156058750328	Ok
1.44	-1	794	0	-1.0	-1.0	65.176	-1.0	-1.0	-0.8847650412540352	Ok
1.46	-1	794	0	-1.0	-1.0	65.1455	-1.0	-1.0	-0.8943359921359575	Ok
1.48	-1	794	0	-1.0	-1.0	65.1149	-1.0	-1.0	-0.9039815474764873	Ok
1.49	-1	794	0	-1.0	-1.0	65.1149	-1.0	-1.0	-0.913171654740517	Ok
1.51	-1	794	0	-1.0	-1.0	65.0844	-1.0	-1.0	-0.9213169756054362	Ok
1.53	-1	794	0	-1.0	-1.0	65.0844	-1.0	-1.0	-0.9295250700743379	Ok
1.54	-1	794	0	-1.0	-1.0	65.0844	-1.0	-1.0	-0.9368689735295286	Ok
1.56	-1	794	0	-1.0	-1.0	65.0844	-1.0	-1.0	-0.9440671644424421	Ok
1.58	-1	794	0	-1.0	-1.0	65.1149	-1.0	-1.0	-0.9509688789200704	Ok
1.59	-1	794	0	-1.0	-1.0	65.1149	-1.0	-1.0	-0.9570258907923543	Ok
1.61	-1	794	0	-1.0	-1.0	65.1149	-1.0	-1.0	-0.9638171113930186	Ok
1.63	-1	794	0	-1.0	-1.0	65.1455	-1.0	-1.0	-0.9699210505643866	Ok
1.64	-1	794	0	-1.0	-1.0	65.1455	-1.0	-1.0	-0.9752479782650115	Ok
1.66	-1	794	0	-1.0	-1.0	65.176	-1.0	-1.0	-0.9809636992203844	Ok
1.68	-1	794	0	-1.0	-1.0	65.176	-1.0	-1.0	-0.9856724488001534	Ok
1.69	-1	794	0	-1.0	-1.0	65.2066	-1.0	-1.0	-0.9910261605718413	Ok
1.71	-1	794	0	-1.0	-1.0	65.2066	-1.0	-1.0	-0.9951906924421448	Ok
1.73	-1	794	0	-1.0	-1.0	65.2371	-1.0	-1.0	-0.9998384119874314	Ok
1.74	-1	794	0	-1.0	-1.0	65.2677	-1.0	-1.0	-1.0035925140232698	Ok
1.76	-1	794	0	-1.0	-1.0	65.2982	-1.0	-1.0	-1.0072433561982037	Ok
1.78	-1	794	0	-1.0	-1.0	65.2982	-1.0	-1.0	-1.0106997077659348	Ok
1.79	-1	794	0	-1.0	-1.0	65.3288	-1.0	-1.0	-1.014804221702128	Ok
1.81	-1	794	0	-1.0	-1.0	65.3593	-1.0	-1.0	-1.0177427117285076	Ok
1.83	-1	794	0	-1.0	-1.0	65.3899	-1.0	-1.0	-1.0203074001673156	Ok
1.84	-1	794	0	-1.0	-1.0	65.4204	-1.0	-1.0	-1.022890828260413	Ok
1.86	-1	794	0	-1.0	-1.0	65.451	-1.0	-1.0	-1.0249709587473506	Ok
1.88	-1	794	0	-1.0	-1.0	65.4815	-1.0	-1.0	-1.026933191315893	Ok
1.89	-1	794	0	-1.0	-1.0	65.5121	-1.0	-1.0	-1.0287389743893525	Ok
1.91	-1	794	0	-1.0	-1.0	65.5426	-1.0	-1.0	-1.030342113055731	Ok
1.93	-1	794	0	-1.0	-1.0	65.5731	-1.0	-1.0	-1.0321817819356867	Ok
1.94	-1	794	0	-1.0	-1.0	65.6037	-1.0	-1.0	-1.0337777646496236	Ok
1.96	-1	794	0	-1.0	-1.0	65.6342	-1.0	-1.0	-1.0350860119520533	Ok
1.98	-1	794	0	-1.0	-1.0	65.6648	-1.0	-1.0	-1.0365459129474008	Ok
1.99	-1	794	0	-1.0	-1.0	65.6953	-1.0	-1.0	-1.0376741301938472	Ok
2.01	-1	794	0	-1.0	-1.0	65.7259	-1.0	-1.0	-1.0389139586620868	Ok
2.03	-1	794	0	-1.0	-1.0	65.7564	-1.0	-1.0	-1.0397778920378737	Ok
2.04	-1	794	0	-1.0	-1.0	65.787	-1.0	-1.0	-1.0407146067923025	Ok
2.06	-1	794	0	-1.0	-1.0	65.8481	-1.0	-1.0	-1.0412232506424561	Ok
2.08	-1	794	0	-1.0	-1.0	65.8481	-1.0	-1.0	-1.0412781569466343	Ok
2.09	-1	794	0	-1.0	-1.0	65.9092	-1.0	-1.0	-1.0426852066566201	Ok
2.11	-1	794	0	-1.0	-1.0	65.9397	-1.0	-1.0	-1.0427352908045024	Ok
2.13	-1	794	0	-1.0	-1.0	65.9703	-1.0	-1.0	-1.0431749268489934	Ok
2.14	-1	794	0	-1.0	-1.0	66.0008	-1.0	-1.0	-1.0435468800255063	Ok
2.16	-1	794	0	-1.0	-1.0	66.0314	-1.0	-1.0	-1.0438579691265417	Ok
2.18	-1	794	0	-1.0	-1.0	66.0619	-1.0	-1.0	-1.0440899842408211	Ok
2.19	-1	794	0	-1.0	-1.0	66.0925	-1.0	-1.0	-1.0442646194385214	Ok
2.21	-1	794	0	-1.0	-1.0	66.123	-1.0	-1.0	-1.0443694611460619	Ok
2.23	-1	794	0	-1.0	-1.0	66.1841	-1.0	-1.0	-1.0444014658397867	Ok
2.24	-1	794	0	-1.0	-1.0	66.2146	-1.0	-1.0	-1.0438943369115836	Ok
2.26	-1	794	0	-1.0	-1.0	66.2452	-1.0	-1.0	-1.044193492352814	Ok
2.28	-1	794	0	-1.0	-1.0	66.2757	-1.0	-1.0	-1.044371460157478	Ok
2.29	-1	794	0	-1.0	-1.0	66.3063	-1.0	-1.0	-1.044447449297994	Ok
2.31	-1	794	0	-1.0	-1.0	66.3368	-1.0	-1.0	-1.0444141930636601	Ok
2.33	-1	794	0	-1.0	-1.0	66.3674	-1.0	-1.0	-1.044274627688921	Ok
2.34	-1	794	0	-1.0	-1.0	66.3979	-1.0	-1.0	-1.0440343348257692	Ok
2.36	-1	794	0	-1.0	-1.0	66.4285	-1.0	-1.0	-1.0436868483909136	Ok
2.38	-1	794	0	-1.0	-1.0	66.459	-1.0	-1.0	-1.0432386562724547	Ok
2.39	-1	794	0	-1.0	-1.0	66.4896	-1.0	-1.0	-1.0426897563001536	Ok
2.41	-1	794	0	-1.0	-1.0	66.5201	-1.0	-1.0	-1.0425151662230951	Ok
2.43	-1	794	0	-1.0	-1.0	66.5507	-1.0	-1.0	-1.041816141827025	Ok
2.44	-1	794	0	-1.0	-1.0	66.5812	-1.0	-1.0	-1.0414879349127537	Ok
2.46	-1	794	0	-1.0	-1.0	66.6118	-1.0	-1.0	-1.0411117458420573	Ok
2.48	-1	794	0	-1.0	-1.0	66.6423	-1.0	-1.0	-1.0406770763704278	Ok
2.49	-1	794	0	-1.0	-1.0	66.7034	-1.0	-1.0	-1.04019436167773	Ok
2.51	-1	794	0	-1.0	-1.0	66.7034	-1.0	-1.0	-1.039164987589637	Ok
2.53	-1	794	0	-1.0	-1.0	66.7339	-1.0	-1.0	-1.0394501426494551	Ok
2.54	-1	794	0	-1.0	-1.0	66.7645	-1.0	-1.0	-1.0387463797421328	Ok
2.56	-1	794	0	-1.0	-1.0	66.795	-1.0	-1.0	-1.0379737728553986	Ok
2.58	-1	794	0	-1.0	-1.0	66.8256	-1.0	-1.0	-1.0376357213054985	Ok
2.59	-1	794	0	-1.0	-1.0	66.8561	-1.0	-1.0	-1.0372772435920514	Ok
2.61	-1	794	0	-1.0	-1.0	66.8867	-1.0	-1.0	-1.036906954994093	Ok
2.63	-1	794	0	-1.0	-1.0	66.9172	-1.0	-1.0	-1.0365318167665154	Ok
2.64	-1	794	0	-1.0	-1.0	66.9478	-1.0	-1.0	-1.0361513257730741	Ok
2.66	-1	794	0	-1.0	-1.0	66.9783	-1.0	-1.0	-1.0357508930386996	Ok
2.68	-1	794	0	-1.0	-1.0	66.9783	-1.0	-1.0	-1.0353516539559857	Ok
2.69	-1	794	0	-1.0	-1.0	67.0089	-1.0	-1.0	-1.0354348719616204	Ok
2.71	-1	794	0	-1.0	-1.0	67.0394	-1.0	-1.0	-1.0346285646304685	Ok
2.73	-1	794	0	-1.0	-1.0	67.07	-1.0	-1.0	-1.0338661247297565	Ok
2.74	-1	794	0	-1.0	-1.0	67.1005	-1.0	-1.0	-1.0331422376387513	Ok
2.76	-1	794	0	-1.0	-1.0	67.1005	-1.0	-1.0	-1.0324655290062734	Ok
2.78	-1	794	0	-1.0	-1.0	67.1311	-1.0	-1.0	-1.0323216580081407	Ok
2.79	-1	794	0	-1.0	-1.0	67.1616	-1.0	-1.0	-1.0313350623843491	Ok
2.81	-1	794	0	-1.0	-1.0	67.1922	-1.0	-1.0	-1.0304401891003132	Ok
2.83	-1	794	0	-1.0	-1.0	67.2227	-1.0	-1.0	-1.0296393887714668	Ok
2.84	-1	794	0	-1.0	-1.0	67.2227	-1.0	-1.0	-1.0294139157653088	Ok
2.86	-1	794	0	-1.0	-1.0	67.2532	-1.0	-1.0	-1.0293438643270845	Ok
2.88	-1	794	0	-1.0	-1.0	67.2838	-1.0	-1.0	-1.0284654793669097	Ok
2.89	-1	794	0	-1.0	-1.0	67.3143	-1.0	-1.0	-1.0277186589034921	Ok
2.91	-1	794	0	-1.0	-1.0	67.3143	-1.0	-1.0	-1.0271081026761735	Ok
2.93	-1	794	0	-1.0	-1.0	67.3449	-1.0	-1.0	-1.0271329834629297	Ok
2.94	-1	794	0	-1.0	-1.0	67.3754	-1.0	-1.0	-1.026400896976779	Ok
2.96	-1	794	0	-1.0	-1.0	67.406	-1.0	-1.0	-1.0258521082110612	Ok
2.98	-1	794	0	-1.0	-1.0	67.406	-1.0	-1.0	-1.0254830322861546	Ok
2.99	-1	794	0	-1.0	-1.0	67.4365	-1.0	-1.0	-1.0257920173408765	Ok
3.01	-1	794	0	-1.0	-1.0	67.4671	-1.0	-1.0	-1.0253932255198048	Ok
3.03	-1	794	0	-1.0	-1.0	67.4671	-1.0	-1.0	-1.0247349880681205	Ok
3.04	-1	794	0	-1.0	-1.0	67.4976	-1.0	-1.0	-1.024762948488278	Ok
3.06	-1	794	0	-1.0	-1.0	67.5282	-1.0	-1.0	-1.024076703711848	Ok
3.08	-1	794	0	-1.0	-1.0	67.5587	-1.0	-1.0	-1.0236131866460694	Ok
3.09	-1	794	0	-1.0	-1.0	67.5893	-1.0	-1.0	-1.0233774558277808	Ok
3.11	-1	794	0	-1.0	-1.0	67.5893	-1.0	-1.0	-1.0228798702511184	Ok
3.13	-1	794	0	-1.0	-1.0	67.6198	-1.0	-1.0	-1.0230670887305129	Ok
3.14	-1	794	0	-1.0	-1.0	67.6504	-1.0	-1.0	-1.0225320092235082	Ok
3.16	-1	794	0	-1.0	-1.0	67.6504	-1.0	-1.0	-1.0222234082453243	Ok
3.18	-1	794	0	-1.0	-1.0	67.6809	-1.0	-1.0	-1.0226547108640738	Ok
3.19	-1	794	0	-1.0	-1.0	67.6809	-1.0	-1.0	-1.0219197879999282	Ok
3.21	-1	794	0	-1.0	-1.0	67.7115	-1.0	-1.0	-1.0219072940053295	Ok
3.23	-1	794	0	-1.0	-1.0	67.742	-1.0	-1.0	-1.0212160037850206	Ok
3.24	-1	794	0	-1.0	-1.0	67.742	-1.0	-1.0	-1.0207998284787432	Ok
3.26	-1	794	0	-1.0	-1.0	67.7726	-1.0	-1.0	-1.0206838954859438	Ok
3.28	-1	794	0	-1.0	-1.0	67.8031	-1.0	-1.0	-1.0198974104860934	Ok
3.29	-1	794	0	-1.0	-1.0	67.8031	-1.0	-1.0	-1.0193762139012075	Ok
3.31	-1	794	0	-1.0	-1.0	67.8336	-1.0	-1.0	-1.0196402664798505	Ok
3.33	-1	794	0	-1.0	-1.0	67.8642	-1.0	-1.0	-1.0187859803736474	Ok
3.34	-1	794	0	-1.0	-1.0	67.8642	-1.0	-1.0	-1.0182020737542894	Ok
3.36	-1	794	0	-1.0	-1.0	67.8947	-1.0	-1.0	-1.0184092535961078	Ok
3.38	-1	794	0	-1.0	-1.0	67.9253	-1.0	-1.0	-1.0175089880214512	Ok
3.39	-1	794	0	-1.0	-1.0	67.9253	-1.0	-1.0	-1.0168739070077029	Ok
3.41	-1	794	0	-1.0	-1.0	67.9558	-1.0	-1.0	-1.0170280873598856	Ok
3.43	-1	794	0	-1.0	-1.0	67.9558	-1.0	-1.0	-1.016552217905538	Ok
3.44	-1	794	0	-1.0	-1.0	67.9864	-1.0	-1.0	-1.0169075353377786	Ok
3.46	-1	794	0	-1.0	-1.0	67.9864	-1.0	-1.0	-1.0161937354831991	Ok
3.48	-1	794	0	-1.0	-1.0	68.0169	-1.0	-1.0	-1.0163175769521051	Ok
3.49	-1	794	0	-1.0	-1.0	68.0475	-1.0	-1.0	-1.0158518307767188	Ok
3.51	-1	794	0	-1.0	-1.0	68.0475	-1.0	-1.0	-1.0152700773953849	Ok
3.53	-1	794	0	-1.0	-1.0	68.078	-1.0	-1.0	-1.0155103117295217	Ok
3.54	-1	794	0	-1.0	-1.0	68.078	-1.0	-1.0	-1.0146746902685695	Ok
3.56	-1	794	0	-1.0	-1.0	68.1086	-1.0	-1.0	-1.014673384494196	Ok
3.58	-1	794	0	-1.0	-1.0	68.1391	-1.0	-1.0	-1.0140802829657312	Ok
3.59	-1	794	0	-1.0	-1.0	68.1391	-1.0	-1.0	-1.0133719821496674	Ok
3.61	-1	794	0	-1.0	-1.0	68.1697	-1.0	-1.0	-1.0135023891323995	Ok
3.63	-1	794	0	-1.0	-1.0	68.1697	-1.0	-1.0	-1.0130383806120704	Ok
3.64	-1	794	0	-1.0	-1.0	68.2002	-1.0	-1.0	-1.0129784754682378	Ok
3.66	-1	794	0	-1.0	-1.0	68.2002	-1.0	-1.0	-1.012320549242714	Ok
3.68	-1	794	0	-1.0	-1.0	68.2002	-1.0	-1.0	-1.0125490580083356	Ok
3.69	-1	794	0	-1.0	-1.0	68.2308	-1.0	-1.0	-1.0122708429745013	Ok
3.71	-1	794	0	-1.0	-1.0	68.2613	-1.0	-1.0	-1.0114487728977053	Ok
3.73	-1	794	0	-1.0	-1.0	68.2613	-1.0	-1.0	-1.0110405125442496	Ok
3.74	-1	794	0	-1.0	-1.0	68.2919	-1.0	-1.0	-1.0110815021127462	Ok
3.76	-1	794	0	-1.0	-1.0	68.2919	-1.0	-1.0	-1.0105748325039796	Ok
3.78	-1	794	0	-1.0	-1.0	68.3224	-1.0	-1.0	-1.0105171335868872	Ok
3.79	-1	794	0	-1.0	-1.0	68.3224	-1.0	-1.0	-1.0099121417867511	Ok
3.81	-1	794	0	-1.0	-1.0	68.353	-1.0	-1.0	-1.0097571098984581	Ok
3.83	-1	794	0	-1.0	-1.0	68.353	-1.0	-1.0	-1.0090493881557296	Ok
3.84	-1	794	0	-1.0	-1.0	68.3835	-1.0	-1.0	-1.0092819276922305	Ok
3.86	-1	794	0	-1.0	-1.0	68.3835	-1.0	-1.0	-1.008520999927353	Ok
3.88	-1	794	0	-1.0	-1.0	68.414	-1.0	-1.0	-1.0086922284533124	Ok
3.89	-1	794	0	-1.0	-1.0	68.414	-1.0	-1.0	-1.007878681023587	Ok
3.91	-1	794	0	-1.0	-1.0	68.414	-1.0	-1.0	-1.0079947084868475	Ok
3.93	-1	794	0	-1.0	-1.0	68.4446	-1.0	-1.0	-1.0081303779198008	Ok
3.94	-1	794	0	-1.0	-1.0	68.4751	-1.0	-1.0	-1.0073262560112	Ok
3.96	-1	794	0	-1.0	-1.0	68.4751	-1.0	-1.0	-1.0060136220457165	Ok
3.98	-1	794	0	-1.0	-1.0	68.4751	-1.0	-1.0	-1.0041799612246822	Ok
3.99	-1	794	0	-1.0	-1.0	68.5057	-1.0	-1.0	-1.001296732079853	Ok
4.01	-1	794	0	-1.0	-1.0	68.5057	-1.0	-1.0	-0.9963649762219132	Ok
4.03	-1	794	0	-1.0	-1.0	68.5362	-1.0	-1.0	-0.9907570876280768	Ok
4.04	-1	794	0	-1.0	-1.0	68.5362	-1.0	-1.0	-0.9844199627629364	Ok
4.06	-1	794	0	-1.0	-1.0	68.5362	-1.0	-1.0	-0.9788029563933905	Ok
4.08	-1	794	0	-1.0	-1.0	68.5057	-1.0	-1.0	-0.9725235187903886	Ok
4.09	-1	794	0	-1.0	-1.0	68.5057	-1.0	-1.0	-0.9665564990613953	Ok
4.11	-1	794	0	-1.0	-1.0	68.4751	-1.0	-1.0	-0.9590926978089138	Ok
4.13	-1	794	0	-1.0	-1.0	68.4751	-1.0	-1.0	-0.9520211510091499	Ok
4.14	-1	794	0	-1.0	-1.0	68.4446	-1.0	-1.0	-0.943557012879059	Ok
4.16	-1	794	0	-1.0	-1.0	68.414	-1.0	-1.0	-0.9355703664071948	Ok
4.18	-1	794	0	-1.0	-1.0	68.353	-1.0	-1.0	-0.9267644187594508	Ok
4.19	-1	794	0	-1.0	-1.0	68.3224	-1.0	-1.0	-0.9181139024891761	Ok
4.21	-1	794	0	-1.0	-1.0	68.2919	-1.0	-1.0	-0.9079398564229908	Ok
4.23	-1	794	0	-1.0	-1.0	68.2308	-1.0	-1.0	-0.8976601845980307	Ok
4.24	-1	794	0	-1.0	-1.0	68.1391	-1.0	-1.0	-0.8873167336242551	Ok
4.26	-1	794	0	-1.0	-1.0	68.078	-1.0	-1.0	-0.8765477134227551	Ok
4.28	-1	794	0	-1.0	-1.0	67.9558	-1.0	-1.0	-0.864695134233841	Ok
4.29	-1	794	0	-1.0	-1.0	67.8642	-1.0	-1.0	-0.8536196840655602	Ok
4.31	-1	794	0	-1.0	-1.0	67.7726	-1.0	-1.0	-0.8410362451255134	Ok
4.33	-1	794	0	-1.0	-1.0	67.6504	-1.0	-1.0	-0.8279842933387676	Ok
4.34	-1	794	0	-1.0	-1.0	67.5587	-1.0	-1.0	-0.815521046036491	Ok
4.36	-1	794	0	-1.0	-1.0	67.4365	-1.0	-1.0	-0.8022765032772835	Ok
4.38	-1	794	0	-1.0	-1.0	67.3143	-1.0	-1.0	-0.7900420963933542	Ok
4.39	-1	794	0	-1.0	-1.0	67.1922	-1.0	-1.0	-0.7777601366387327	Ok
4.41	-1	794	0	-1.0	-1.0	67.07	-1.0	-1.0	-0.765610351154943	Ok
4.43	-1	794	0	-1.0	-1.0	66.9172	-1.0	-1.0	-0.7532920958782267	Ok
4.44	-1	794	0	-1.0	-1.0	66.7645	-1.0	-1.0	-0.7417558395692958	Ok
4.46	-1	794	0	-1.0	-1.0	66.6118	-1.0	-1.0	-0.730007478383388	Ok
4.48	-1	794	0	-1.0	-1.0	66.459	-1.0	-1.0	-0.7187178237273586	Ok
4.49	-1	794	0	-1.0	-1.0	66.3063	-1.0	-1.0	-0.707634744946719	Ok
4.51	-1	794	0	-1.0	-1.0	66.1535	-1.0	-1.0	-0.6969066573496407	Ok
4.53	-1	794	0	-1.0	-1.0	66.0008	-1.0	-1.0	-0.6862322823041112	Ok
4.54	-1	794	0	-1.0	-1.0	65.8481	-1.0	-1.0	-0.6762387752535763	Ok
4.56	-1	794	0	-1.0	-1.0	65.6648	-1.0	-1.0	-0.6670830094722782	Ok
4.58	-1	794	0	-1.0	-1.0	65.5121	-1.0	-1.0	-0.6587702857880264	Ok
4.59	-1	794	0	-1.0	-1.0	65.3288	-1.0	-1.0	-0.6500028690988275	Ok
4.61	-1	794	0	-1.0	-1.0	65.1455	-1.0	-1.0	-0.6423720397907339	Ok
4.63	-1	794	0	-1.0	-1.0	64.9622	-1.0	-1.0	-0.6343928943114272	Ok
4.64	-1	794	0	-1.0	-1.0	64.7484	-1.0	-1.0	-0.6266356562024551	Ok
4.66	-1	794	0	-1.0	-1.0	64.5651	-1.0	-1.0	-0.6195009192157483	Ok
4.68	-1	794	0	-1.0	-1.0	64.3818	-1.0	-1.0	-0.6117333850654911	Ok
4.69	-1	794	0	-1.0	-1.0	64.1985	-1.0	-1.0	-0.6046273245302709	Ok
4.71	-1	794	0	-1.0	-1.0	63.9847	-1.0	-1.0	-0.5978470703586098	Ok
4.73	-1	794	0	-1.0	-1.0	63.7709	-1.0	-1.0	-0.5916763255039257	Ok
4.74	-1	794	0	-1.0	-1.0	63.5876	-1.0	-1.0	-0.5855779365288536	Ok
4.76	-1	794	0	-1.0	-1.0	63.3737	-1.0	-1.0	-0.5794458468932955	Ok
4.78	-1	794	0	-1.0	-1.0	63.1599	-1.0	-1.0	-0.5737342479366253	Ok
4.79	-1	794	0	-1.0	-1.0	62.9461	-1.0	-1.0	-0.5680047190080684	Ok
4.81	-1	794	0	-1.0	-1.0	62.7322	-1.0	-1.0	-0.5623371329035596	Ok
4.83	-1	794	0	-1.0	-1.0	62.4879	-1.0	-1.0	-0.5567922886416286	Ok
4.84	-1	794	0	-1.0	-1.0	62.274	-1.0	-1.0	-0.5516154075757305	Ok
4.86	-1	794	0	-1.0	-1.0	62.0602	-1.0	-1.0	-0.5461584042100894	Ok
4.88	-1	794	0	-1.0	-1.0	61.8464	-1.0	-1.0	-0.541106022501006	Ok
4.89	-1	794	0	-1.0	-1.0	61.602	-1.0	-1.0	-0.536523857447614	Ok
4.91	-1	794	0	-1.0	-1.0	61.3882	-1.0	-1.0	-0.5321878077797921	Ok
4.93	-1	794	0	-1.0	-1.0	61.1743	-1.0	-1.0	-0.5279496395027552	Ok
4.94	-1	794	0	-1.0	-1.0	60.9299	-1.0	-1.0	-0.5239841168757705	Ok
4.96	-1	794	0	-1.0	-1.0	60.6856	-1.0	-1.0	-0.5205953073019232	Ok
4.98	-1	794	0	-1.0	-1.0	60.4412	-1.0	-1.0	-0.5172020463335814	Ok
4.99	-1	794	0	-1.0	-1.0	60.1968	-1.0	-1.0	-0.5135869304141906	Ok
5.01	-1	794	0	-1.0	-1.0	59.983	-1.0	-1.0	-0.5101274991084058	Ok
5.03	-1	794	0	-1.0	-1.0	59.7386	-1.0	-1.0	-0.5068248865971858	Ok
5.04	-1	794	0	-1.0	-1.0	59.4942	-1.0	-1.0	-0.5043929565120461	Ok
5.06	-1	794	0	-1.0	-1.0	59.2804	-1.0	-1.0	-0.5018497826053592	Ok
5.08	-1	794	0	-1.0	-1.0	59.036	-1.0	-1.0	-0.4991650720732899	Ok
5.09	-1	794	0	-1.0	-1.0	58.7916	-1.0	-1.0	-0.49745678988256814	Ok
5.11	-1	794	0	-1.0	-1.0	58.5473	-1.0	-1.0	-0.4957476809035062	Ok
5.13	-1	794	0	-1.0	-1.0	58.3029	-1.0	-1.0	-0.4941206451778676	Ok
5.14	-1	794	0	-1.0	-1.0	58.0585	-1.0	-1.0	-0.492634023657622	Ok
5.16	-1	794	0	-1.0	-1.0	57.8141	-1.0	-1.0	-0.4913027219348418	Ok
5.18	-1	794	0	-1.0	-1.0	57.5697	-1.0	-1.0	-0.4897437744423728	Ok
5.19	-1	794	0	-1.0	-1.0	57.3254	-1.0	-1.0	-0.48848023084409403	Ok
5.21	-1	794	0	-1.0	-1.0	57.081	-1.0	-1.0	-0.4874955708884387	Ok
5.23	-1	794	0	-1.0	-1.0	56.8366	-1.0	-1.0	-0.48684177783994953	Ok
5.24	-1	794	0	-1.0	-1.0	56.5922	-1.0	-1.0	-0.4860526972985323	Ok
5.26	-1	794	0	-1.0	-1.0	56.3478	-1.0	-1.0	-0.48565878244166916	Ok
5.28	-1	794	0	-1.0	-1.0	56.1035	-1.0	-1.0	-0.4856957972025052	Ok
5.29	-1	794	0	-1.0	-1.0	55.8591	-1.0	-1.0	-0.4857653831293892	Ok
5.31	-1	794	0	-1.0	-1.0	55.6147	-1.0	-1.0	-0.4857878490845907	Ok
5.33	-1	794	0	-1.0	-1.0	55.3703	-1.0	-1.0	-0.48591248251096897	Ok
5.34	-1	794	0	-1.0	-1.0	55.126	-1.0	-1.0	-0.48608889034694214	Ok
5.36	-1	794	0	-1.0	-1.0	54.8816	-1.0	-1.0	-0.4868291804292835	Ok
5.38	-1	794	0	-1.0	-1.0	54.6677	-1.0	-1.0	-0.4875417509103752	Ok
5.39	-1	794	0	-1.0	-1.0	54.4234	-1.0	-1.0	-0.48822855213343214	Ok
5.41	-1	794	0	-1.0	-1.0	54.179	-1.0	-1.0	-0.48991386544848187	Ok
5.43	-1	794	0	-1.0	-1.0	53.9346	-1.0	-1.0	-0.4916787552670189	Ok
5.44	-1	794	0	-1.0	-1.0	53.6902	-1.0	-1.0	-0.49352318951108803	Ok
5.46	-1	794	0	-1.0	-1.0	53.4764	-1.0	-1.0	-0.4953372401332552	Ok
5.48	-1	794	0	-1.0	-1.0	53.232	-1.0	-1.0	-0.4971211391261642	Ok
5.49	-1	794	0	-1.0	-1.0	52.9876	-1.0	-1.0	-0.4993159583163727	Ok
5.51	-1	794	0	-1.0	-1.0	52.7738	-1.0	-1.0	-0.5014548182897536	Ok
5.53	-1	794	0	-1.0	-1.0	52.5294	-1.0	-1.0	-0.5035737998322624	Ok
5.54	-1	794	0	-1.0	-1.0	52.3156	-1.0	-1.0	-0.5060722968205318	Ok
5.56	-1	794	0	-1.0	-1.0	52.0712	-1.0	-1.0	-0.5084887492506771	Ok
5.58	-1	794	0	-1.0	-1.0	51.8574	-1.0	-1.0	-0.5112354916248893	Ok
5.59	-1	794	0	-1.0	-1.0	51.613	-1.0	-1.0	-0.5138116119812658	Ok
5.61	-1	794	0	-1.0	-1.0	51.3992	-1.0	-1.0	-0.516750524455348	Ok
5.63	-1	794	0	-1.0	-1.0	51.1853	-1.0	-1.0	-0.5195090953008131	Ok
5.64	-1	794	0	-1.0	-1.0	50.9715	-1.0	-1.0	-0.522484232104415	Ok
5.66	-1	794	0	-1.0	-1.0	50.7577	-1.0	-1.0	-0.5256369285647747	Ok
5.68	-1	794	0	-1.0	-1.0	50.5439	-1.0	-1.0	-0.5289842056247356	Ok
5.69	-1	794	0	-1.0	-1.0	50.33	-1.0	-1.0	-0.5324738117828426	Ok
5.71	-1	794	0	-1.0	-1.0	50.1162	-1.0	-1.0	-0.5359913662850146	Ok
5.73	-1	794	0	-1.0	-1.0	49.9024	-1.0	-1.0	-0.540033371273403	Ok
5.74	-1	794	0	-1.0	-1.0	49.6885	-1.0	-1.0	-0.5440865385853281	Ok
5.76	-1	794	0	-1.0	-1.0	49.5052	-1.0	-1.0	-0.5481644865098216	Ok
5.78	-1	794	0	-1.0	-1.0	49.2914	-1.0	-1.0	-0.5522113535920867	Ok
5.79	-1	794	0	-1.0	-1.0	49.1081	-1.0	-1.0	-0.5565542693212009	Ok
5.81	-1	794	0	-1.0	-1.0	48.8943	-1.0	-1.0	-0.5611247235653456	Ok
5.83	-1	794	0	-1.0	-1.0	48.711	-1.0	-1.0	-0.5659227903708766	Ok
5.84	-1	794	0	-1.0	-1.0	48.4972	-1.0	-1.0	-0.5703408233609975	Ok
5.86	-1	794	0	-1.0	-1.0	48.3139	-1.0	-1.0	-0.575350633220267	Ok
5.88	-1	794	0	-1.0	-1.0	48.1306	-1.0	-1.0	-0.5798878142083095	Ok
5.89	-1	794	0	-1.0	-1.0	47.9473	-1.0	-1.0	-0.5848268131259968	Ok
5.91	-1	794	0	-1.0	-1.0	47.764	-1.0	-1.0	-0.5896179495095855	Ok
5.93	-1	794	0	-1.0	-1.0	47.6113	-1.0	-1.0	-0.5946797394597708	Ok
5.94	-1	794	0	-1.0	-1.0	47.3975	-1.0	-1.0	-0.5994202726358702	Ok
5.96	-1	794	0	-1.0	-1.0	47.2447	-1.0	-1.0	-0.6047282026930685	Ok
5.98	-1	794	0	-1.0	-1.0	47.0615	-1.0	-1.0	-0.6096429296848557	Ok
5.99	-1	794	0	-1.0	-1.0	46.9087	-1.0	-1.0	-0.6149777006687405	Ok
6.01	-1	794	0	-1.0	-1.0	46.7254	-1.0	-1.0	-0.6202460515131365	Ok
6.03	-1	794	0	-1.0	-1.0	46.5727	-1.0	-1.0	-0.625767916047408	Ok
6.04	-1	794	0	-1.0	-1.0	46.42	-1.0	-1.0	-0.6310781739489384	Ok
6.06	-1	794	0	-1.0	-1.0	46.2367	-1.0	-1.0	-0.6365409548278306	Ok
6.08	-1	794	0	-1.0	-1.0	46.0839	-1.0	-1.0	-0.642026658194263	Ok
6.09	-1	794	0	-1.0	-1.0	45.9618	-1.0	-1.0	-0.6470865746186419	Ok
6.11	-1	794	0	-1.0	-1.0	45.809	-1.0	-1.0	-0.652503033882248	Ok
6.13	-1	794	0	-1.0	-1.0	45.6563	-1.0	-1.0	-0.6581902958048488	Ok
6.14	-1	794	0	-1.0	-1.0	45.5035	-1.0	-1.0	-0.6640133848887515	Ok
6.16	-1	794	0	-1.0	-1.0	45.3508	-1.0	-1.0	-0.669532525525593	Ok
6.18	-1	794	0	-1.0	-1.0	45.2286	-1.0	-1.0	-0.6750881040007305	Ok
6.19	-1	794	0	-1.0	-1.0	45.1064	-1.0	-1.0	-0.6801771546719078	Ok
6.21	-1	794	0	-1.0	-1.0	44.9537	-1.0	-1.0	-0.6855447455736166	Ok
6.23	-1	794	0	-1.0	-1.0	44.8315	-1.0	-1.0	-0.6911458025063645	Ok
6.24	-1	794	0	-1.0	-1.0	44.7093	-1.0	-1.0	-0.6964230897349064	Ok
6.26	-1	794	0	-1.0	-1.0	44.5871	-1.0	-1.0	-0.7018012965614426	Ok
6.28	-1	794	0	-1.0	-1.0	44.4344	-1.0	-1.0	-0.707591150402859	Ok
6.29	-1	794	0	-1.0	-1.0	44.3427	-1.0	-1.0	-0.7128837045238555	Ok
6.31	-1	794	0	-1.0	-1.0	44.2206	-1.0	-1.0	-0.7179875336162023	Ok
6.33	-1	794	0	-1.0	-1.0	44.0984	-1.0	-1.0	-0.7233202619719317	Ok
6.34	-1	794	0	-1.0	-1.0	43.9762	-1.0	-1.0	-0.728826486196104	Ok
6.36	-1	794	0	-1.0	-1.0	43.8845	-1.0	-1.0	-0.7339300747434571	Ok
6.38	-1	794	0	-1.0	-1.0	43.7623	-1.0	-1.0	-0.739023958808824	Ok
6.39	-1	794	0	-1.0	-1.0	43.6707	-1.0	-1.0	-0.7445254561657935	Ok
6.41	-1	794	0	-1.0	-1.0	43.5791	-1.0	-1.0	-0.7493270514826023	Ok
6.43	-1	794	0	-1.0	-1.0	43.4569	-1.0	-1.0	-0.7542747898480886	Ok
6.44	-1	794	0	-1.0	-1.0	43.3652	-1.0	-1.0	-0.7597893749371258	Ok
6.46	-1	794	0	-1.0	-1.0	43.2736	-1.0	-1.0	-0.7648743564653092	Ok
6.48	-1	794	0	-1.0	-1.0	43.1819	-1.0	-1.0	-0.7698978470037913	Ok
6.49	-1	794	0	-1.0	-1.0	43.0903	-1.0	-1.0	-0.7747813924428296	Ok
6.51	-1	794	0	-1.0	-1.0	42.9987	-1.0	-1.0	-0.7794278810370612	Ok
6.53	-1	794	0	-1.0	-1.0	42.907	-1.0	-1.0	-0.7842443807511347	Ok
6.54	-1	794	0	-1.0	-1.0	42.8459	-1.0	-1.0	-0.7891286940331527	Ok
6.56	-1	794	0	-1.0	-1.0	42.7543	-1.0	-1.0	-0.7935537585846191	Ok
6.58	-1	794	0	-1.0	-1.0	42.6932	-1.0	-1.0	-0.7983813846153707	Ok
6.59	-1	794	0	-1.0	-1.0	42.6015	-1.0	-1.0	-0.8030757915289533	Ok
6.61	-1	794	0	-1.0	-1.0	42.5099	-1.0	-1.0	-0.8080415538395208	Ok
6.63	-1	794	0	-1.0	-1.0	42.4488	-1.0	-1.0	-0.8122584526513199	Ok
6.64	-1	794	0	-1.0	-1.0	42.3877	-1.0	-1.0	-0.8165218014171314	Ok
6.66	-1	794	0	-1.0	-1.0	42.3266	-1.0	-1.0	-0.8208289115806138	Ok
6.68	-1	794	0	-1.0	-1.0	42.235	-1.0	-1.0	-0.8250940234005589	Ok
6.69	-1	794	0	-1.0	-1.0	42.1739	-1.0	-1.0	-0.8292566641416665	Ok
6.71	-1	794	0	-1.0	-1.0	42.1128	-1.0	-1.0	-0.8332179902887394	Ok
6.73	-1	794	0	-1.0	-1.0	42.0517	-1.0	-1.0	-0.8369531503946935	Ok
6.74	-1	794	0	-1.0	-1.0	42.0211	-1.0	-1.0	-0.8408277664905441	Ok
6.76	-1	794	0	-1.0	-1.0	41.9601	-1.0	-1.0	-0.8447422416151045	Ok
6.78	-1	794	0	-1.0	-1.0	41.899	-1.0	-1.0	-0.8486907149786271	Ok
6.79	-1	794	0	-1.0	-1.0	41.8379	-1.0	-1.0	-0.8525647894931802	Ok
6.81	-1	794	0	-1.0	-1.0	41.7768	-1.0	-1.0	-0.8562990369874753	Ok
6.83	-1	794	0	-1.0	-1.0	41.7462	-1.0	-1.0	-0.8598494777153972	Ok
6.84	-1	794	0	-1.0	-1.0	41.6851	-1.0	-1.0	-0.8631338766184743	Ok
6.86	-1	794	0	-1.0	-1.0	41.624	-1.0	-1.0	-0.8665882736247086	Ok
6.88	-1	794	0	-1.0	-1.0	41.5935	-1.0	-1.0	-0.8696672387163958	Ok
6.89	-1	794	0	-1.0	-1.0	41.5324	-1.0	-1.0	-0.8727655447620695	Ok
6.91	-1	794	0	-1.0	-1.0	41.5018	-1.0	-1.0	-0.8759091565385657	Ok
6.93	-1	794	0	-1.0	-1.0	41.4713	-1.0	-1.0	-0.8789966365045174	Ok
6.94	-1	794	0	-1.0	-1.0	41.4102	-1.0	-1.0	-0.8819910573520029	Ok
6.96	-1	794	0	-1.0	-1.0	41.3797	-1.0	-1.0	-0.8848331843818719	Ok
6.98	-1	794	0	-1.0	-1.0	41.3491	-1.0	-1.0	-0.887425943567948	Ok
6.99	-1	794	0	-1.0	-1.0	41.3186	-1.0	-1.0	-0.890200692856554	Ok
7.01	-1	794	0	-1.0	-1.0	41.2575	-1.0	-1.0	-0.8931268169625947	Ok
7.03	-1	794	0	-1.0	-1.0	41.2269	-1.0	-1.0	-0.8957271127554138	Ok
7.04	-1	794	0	-1.0	-1.0	41.1964	-1.0	-1.0	-0.8978807245652654	Ok
7.06	-1	794	0	-1.0	-1.0	41.1658	-1.0	-1.0	-0.9000476788495799	Ok
7.08	-1	794	0	-1.0	-1.0	41.1353	-1.0	-1.0	-0.9021830506161608	Ok
7.09	-1	794	0	-1.0	-1.0	41.1047	-1.0	-1.0	-0.9047158219195975	Ok
7.11	-1	794	0	-1.0	-1.0	41.0742	-1.0	-1.0	-0.9071823775486832	Ok
7.13	-1	794	0	-1.0	-1.0	41.0436	-1.0	-1.0	-0.9095198821536347	Ok
7.14	-1	794	0	-1.0	-1.0	41.0131	-1.0	-1.0	-0.9116878985529968	Ok
7.16	-1	794	0	-1.0	-1.0	40.9825	-1.0	-1.0	-0.9136286872487573	Ok
7.18	-1	794	0	-1.0	-1.0	40.9825	-1.0	-1.0	-0.9157846232968763	Ok
7.19	-1	794	0	-1.0	-1.0	40.952	-1.0	-1.0	-0.9176173094816383	Ok
7.21	-1	794	0	-1.0	-1.0	40.9214	-1.0	-1.0	-0.9195772300385779	Ok
7.23	-1	794	0	-1.0	-1.0	40.8909	-1.0	-1.0	-0.9216043238006532	Ok
7.24	-1	794	0	-1.0	-1.0	40.8603	-1.0	-1.0	-0.9232318925069696	Ok
7.26	-1	794	0	-1.0	-1.0	40.8298	-1.0	-1.0	-0.9248864834122734	Ok
7.28	-1	794	0	-1.0	-1.0	40.8298	-1.0	-1.0	-0.9265788693185185	Ok
7.29	-1	794	0	-1.0	-1.0	40.7993	-1.0	-1.0	-0.9277720119425671	Ok
7.31	-1	794	0	-1.0	-1.0	40.7687	-1.0	-1.0	-0.929401012408973	Ok
7.33	-1	794	0	-1.0	-1.0	40.7687	-1.0	-1.0	-0.9309637218054201	Ok
7.34	-1	794	0	-1.0	-1.0	40.7382	-1.0	-1.0	-0.9324087465013597	Ok
7.36	-1	794	0	-1.0	-1.0	40.7382	-1.0	-1.0	-0.9337747829427413	Ok
7.38	-1	794	0	-1.0	-1.0	40.7076	-1.0	-1.0	-0.9349250496646337	Ok
7.39	-1	794	0	-1.0	-1.0	40.7076	-1.0	-1.0	-0.9363801185565579	Ok
7.41	-1	794	0	-1.0	-1.0	40.6771	-1.0	-1.0	-0.9375854111054328	Ok
7.43	-1	794	0	-1.0	-1.0	40.6465	-1.0	-1.0	-0.9390467372610389	Ok
7.44	-1	794	0	-1.0	-1.0	40.6465	-1.0	-1.0	-0.9402747579589307	Ok
7.46	-1	794	0	-1.0	-1.0	40.6465	-1.0	-1.0	-0.9411983847001597	Ok
7.48	-1	794	0	-1.0	-1.0	40.616	-1.0	-1.0	-0.9422749314454448	Ok
7.49	-1	794	0	-1.0	-1.0	40.616	-1.0	-1.0	-0.9435176830547589	Ok
7.51	-1	794	0	-1.0	-1.0	40.5854	-1.0	-1.0	-0.9443688628832397	Ok
7.53	-1	794	0	-1.0	-1.0	40.5549	-1.0	-1.0	-0.9458128816476475	Ok
7.54	-1	794	0	-1.0	-1.0	40.5549	-1.0	-1.0	-0.9469267396162007	Ok
7.56	-1	794	0	-1.0	-1.0	40.5549	-1.0	-1.0	-0.9476450878109293	Ok
7.58	-1	794	0	-1.0	-1.0	40.5243	-1.0	-1.0	-0.9484259330515088	Ok
7.59	-1	794	0	-1.0	-1.0	40.5243	-1.0	-1.0	-0.9492821289461756	Ok
7.61	-1	794	0	-1.0	-1.0	40.4938	-1.0	-1.0	-0.9496556208523083	Ok
7.63	-1	794	0	-1.0	-1.0	40.4938	-1.0	-1.0	-0.9505463934573488	Ok
7.64	-1	794	0	-1.0	-1.0	40.4938	-1.0	-1.0	-0.9509561102765773	Ok
7.66	-1	794	0	-1.0	-1.0	40.4938	-1.0	-1.0	-0.9513361818403472	Ok
7.68	-1	794	0	-1.0	-1.0	40.4632	-1.0	-1.0	-0.9521243389602787	Ok
7.69	-1	794	0	-1.0	-1.0	40.4632	-1.0	-1.0	-0.9529061803811059	Ok
7.71	-1	794	0	-1.0	-1.0	40.4327	-1.0	-1.0	-0.9535925412531033	Ok
7.73	-1	794	0	-1.0	-1.0	40.4327	-1.0	-1.0	-0.95426464240458	Ok
7.74	-1	794	0	-1.0	-1.0	40.4327	-1.0	-1.0	-0.9548525857569121	Ok
7.76	-1	794	0	-1.0	-1.0	40.4327	-1.0	-1.0	-0.955370776412634	Ok
7.78	-1	794	0	-1.0	-1.0	40.4021	-1.0	-1.0	-0.9557708914625965	Ok
7.79	-1	794	0	-1.0	-1.0	40.4021	-1.0	-1.0	-0.9565490563648568	Ok
7.81	-1	794	0	-1.0	-1.0	40.3716	-1.0	-1.0	-0.9571920806043661	Ok
7.83	-1	794	0	-1.0	-1.0	40.3716	-1.0	-1.0	-0.9577851204641487	Ok
7.84	-1	794	0	-1.0	-1.0	40.3716	-1.0	-1.0	-0.9582468939789002	Ok
7.86	-1	794	0	-1.0	-1.0	40.3716	-1.0	-1.0	-0.9585913958605375	Ok
7.88	-1	794	0	-1.0	-1.0	40.3716	-1.0	-1.0	-0.9587743341956612	Ok
7.89	-1	794	0	-1.0	-1.0	40.341	-1.0	-1.0	-0.9592291109437686	Ok
7.91	-1	794	0	-1.0	-1.0	40.341	-1.0	-1.0	-0.9600149643893793	Ok
7.93	-1	794	0	-1.0	-1.0	40.341	-1.0	-1.0	-0.9601421574217632	Ok
7.94	-1	794	0	-1.0	-1.0	40.3105	-1.0	-1.0	-0.9605374376117748	Ok
7.96	-1	794	0	-1.0	-1.0	40.3105	-1.0	-1.0	-0.9607915263434061	Ok
7.98	-1	794	0	-1.0	-1.0	40.3105	-1.0	-1.0	-0.9614345079454549	Ok
7.99	-1	794	0	-1.0	-1.0	40.3105	-1.0	-1.0	-0.9633022920537119	Ok
8.01	-1	794	0	-1.0	-1.0	40.2799	-1.0	-1.0	-0.9664377388081665	Ok
8.03	-1	794	0	-1.0	-1.0	40.2799	-1.0	-1.0	-0.9704776661875905	Ok
8.04	-1	794	0	-1.0	-1.0	40.2799	-1.0	-1.0	-0.975379681910687	Ok
8.06	-1	794	0	-1.0	-1.0	40.2799	-1.0	-1.0	-0.9805982294885098	Ok
8.08	-1	794	0	-1.0	-1.0	40.3105	-1.0	-1.0	-0.9862794883327978	Ok
8.09	-1	794	0	-1.0	-1.0	40.3105	-1.0	-1.0	-0.9923427124301224	Ok
8.11	-1	794	0	-1.0	-1.0	40.341	-1.0	-1.0	-0.9993247169897373	Ok
8.13	-1	794	0	-1.0	-1.0	40.3716	-1.0	-1.0	-1.0061492003655403	Ok
8.14	-1	794	0	-1.0	-1.0	40.4021	-1.0	-1.0	-1.0137124804575368	Ok
8.16	-1	794	0	-1.0	-1.0	40.4327	-1.0	-1.0	-1.0214807639411136	Ok
8.18	-1	794	0	-1.0	-1.0	40.4632	-1.0	-1.0	-1.0298403908453353	Ok
8.19	-1	794	0	-1.0	-1.0	40.5243	-1.0	-1.0	-1.0387425355708342	Ok
8.21	-1	794	0	-1.0	-1.0	40.5549	-1.0	-1.0	-1.0480300149395887	Ok
8.23	-1	794	0	-1.0	-1.0	40.616	-1.0	-1.0	-1.0582354955600746	Ok
8.24	-1	794	0	-1.0	-1.0	40.6771	-1.0	-1.0	-1.0681907551096188	Ok
8.26	-1	794	0	-1.0	-1.0	40.7382	-1.0	-1.0	-1.0787559868870946	Ok
8.28	-1	794	0	-1.0	-1.0	40.7993	-1.0	-1.0	-1.0898387051163505	Ok
8.29	-1	794	0	-1.0	-1.0	40.8909	-1.0	-1.0	-1.1008494489467404	Ok
8.31	-1	794	0	-1.0	-1.0	40.9825	-1.0	-1.0	-1.1119753684166536	Ok
8.33	-1	794	0	-1.0	-1.0	41.1047	-1.0	-1.0	-1.1235550103228205	Ok
8.34	-1	794	0	-1.0	-1.0	41.1964	-1.0	-1.0	-1.135271222666621	Ok
8.36	-1	794	0	-1.0	-1.0	41.3186	-1.0	-1.0	-1.1470834822436566	Ok
8.38	-1	794	0	-1.0	-1.0	41.4102	-1.0	-1.0	-1.1585200969539462	Ok
8.39	-1	794	0	-1.0	-1.0	41.5324	-1.0	-1.0	-1.1700968335313222	Ok
8.41	-1	794	0	-1.0	-1.0	41.6546	-1.0	-1.0	-1.1809423597768243	Ok
8.43	-1	794	0	-1.0	-1.0	41.7768	-1.0	-1.0	-1.1919382334603421	Ok
8.44	-1	794	0	-1.0	-1.0	41.899	-1.0	-1.0	-1.202473629233454	Ok
8.46	-1	794	0	-1.0	-1.0	42.0517	-1.0	-1.0	-1.2128137369216572	Ok
8.48	-1	794	0	-1.0	-1.0	42.2044	-1.0	-1.0	-1.2226555081596695	Ok
8.49	-1	794	0	-1.0	-1.0	42.3572	-1.0	-1.0	-1.232439170404706	Ok
8.51	-1	794	0	-1.0	-1.0	42.5099	-1.0	-1.0	-1.2419413851036243	Ok
8.53	-1	794	0	-1.0	-1.0	42.6626	-1.0	-1.0	-1.2509510381757498	Ok
8.54	-1	794	0	-1.0	-1.0	42.8154	-1.0	-1.0	-1.2598088167214836	Ok
8.56	-1	794	0	-1.0	-1.0	42.9681	-1.0	-1.0	-1.267854423268059	Ok
8.58	-1	794	0	-1.0	-1.0	43.1208	-1.0	-1.0	-1.2754167034930712	Ok
8.59	-1	794	0	-1.0	-1.0	43.3041	-1.0	-1.0	-1.2823768392063373	Ok
8.61	-1	794	0	-1.0	-1.0	43.4569	-1.0	-1.0	-1.2883628603866126	Ok
8.63	-1	794	0	-1.0	-1.0	43.6096	-1.0	-1.0	-1.2940772158697158	Ok
8.64	-1	794	0	-1.0	-1.0	43.7929	-1.0	-1.0	-1.2991941459286729	Ok
8.66	-1	794	0	-1.0	-1.0	43.9456	-1.0	-1.0	-1.3034587553224204	Ok
8.68	-1	794	0	-1.0	-1.0	44.1289	-1.0	-1.0	-1.3079951646454153	Ok
8.69	-1	794	0	-1.0	-1.0	44.3122	-1.0	-1.0	-1.311454732885141	Ok
8.71	-1	794	0	-1.0	-1.0	44.4955	-1.0	-1.0	-1.3147999641039516	Ok
8.73	-1	794	0	-1.0	-1.0	44.6482	-1.0	-1.0	-1.3174892619587906	Ok
8.74	-1	794	0	-1.0	-1.0	44.8315	-1.0	-1.0	-1.320083036077349	Ok
8.76	-1	794	0	-1.0	-1.0	44.9842	-1.0	-1.0	-1.3216979626000072	Ok
8.78	-1	794	0	-1.0	-1.0	45.1675	-1.0	-1.0	-1.323097388825352	Ok
8.79	-1	794	0	-1.0	-1.0	45.3203	-1.0	-1.0	-1.3234010273119872	Ok
8.81	-1	794	0	-1.0	-1.0	45.5035	-1.0	-1.0	-1.3238798013917663	Ok
8.83	-1	794	0	-1.0	-1.0	45.6868	-1.0	-1.0	-1.3236873397242286	Ok
8.84	-1	794	0	-1.0	-1.0	45.8701	-1.0	-1.0	-1.3233939587671895	Ok
8.86	-1	794	0	-1.0	-1.0	46.0228	-1.0	-1.0	-1.3229480268799225	Ok
8.88	-1	794	0	-1.0	-1.0	46.2061	-1.0	-1.0	-1.3225859699407836	Ok
8.89	-1	794	0	-1.0	-1.0	46.3589	-1.0	-1.0	-1.3212924556456496	Ok
8.91	-1	794	0	-1.0	-1.0	46.5422	-1.0	-1.0	-1.3200332907682704	Ok
8.93	-1	794	0	-1.0	-1.0	46.6949	-1.0	-1.0	-1.3178896707726901	Ok
8.94	-1	794	0	-1.0	-1.0	46.8476	-1.0	-1.0	-1.3162325837470399	Ok
8.96	-1	794	0	-1.0	-1.0	47.0309	-1.0	-1.0	-1.313988248105758	Ok
8.98	-1	794	0	-1.0	-1.0	47.1836	-1.0	-1.0	-1.310894742690857	Ok
8.99	-1	794	0	-1.0	-1.0	47.3364	-1.0	-1.0	-1.3082958052155957	Ok
9.01	-1	794	0	-1.0	-1.0	47.4891	-1.0	-1.0	-1.3050599625624937	Ok
9.03	-1	794	0	-1.0	-1.0	47.6419	-1.0	-1.0	-1.3017363910977862	Ok
9.04	-1	794	0	-1.0	-1.0	47.8251	-1.0	-1.0	-1.2983179326956265	Ok
9.06	-1	794	0	-1.0	-1.0	47.9473	-1.0	-1.0	-1.294648138999324	Ok
9.08	-1	794	0	-1.0	-1.0	48.1001	-1.0	-1.0	-1.2913988860825196	Ok
9.09	-1	794	0	-1.0	-1.0	48.2528	-1.0	-1.0	-1.2874927092667985	Ok
9.11	-1	794	0	-1.0	-1.0	48.375	-1.0	-1.0	-1.2831633910117877	Ok
9.13	-1	794	0	-1.0	-1.0	48.5277	-1.0	-1.0	-1.2791710988962188	Ok
9.14	-1	794	0	-1.0	-1.0	48.6499	-1.0	-1.0	-1.2742288446079426	Ok
9.16	-1	794	0	-1.0	-1.0	48.8027	-1.0	-1.0	-1.269676461852773	Ok
9.18	-1	794	0	-1.0	-1.0	48.9248	-1.0	-1.0	-1.2647589651185718	Ok
9.19	-1	794	0	-1.0	-1.0	49.0776	-1.0	-1.0	-1.2604247386899605	Ok
9.21	-1	794	0	-1.0	-1.0	49.1998	-1.0	-1.0	-1.255396667878268	Ok
9.23	-1	794	0	-1.0	-1.0	49.322	-1.0	-1.0	-1.250995270628944	Ok
9.24	-1	794	0	-1.0	-1.0	49.4441	-1.0	-1.0	-1.2462390727200927	Ok
9.26	-1	794	0	-1.0	-1.0	49.5358	-1.0	-1.0	-1.241532116009371	Ok
9.28	-1	794	0	-1.0	-1.0	49.6885	-1.0	-1.0	-1.236825564875186	Ok
9.29	-1	794	0	-1.0	-1.0	49.7802	-1.0	-1.0	-1.2310480188936954	Ok
9.31	-1	794	0	-1.0	-1.0	49.9024	-1.0	-1.0	-1.2265006001670176	Ok
9.33	-1	794	0	-1.0	-1.0	49.994	-1.0	-1.0	-1.221268113301412	Ok
9.34	-1	794	0	-1.0	-1.0	50.1162	-1.0	-1.0	-1.2162900201785043	Ok
9.36	-1	794	0	-1.0	-1.0	50.2078	-1.0	-1.0	-1.2108311742704727	Ok
9.38	-1	794	0	-1.0	-1.0	50.33	-1.0	-1.0	-1.205797759554524	Ok
9.39	-1	794	0	-1.0	-1.0	50.4217	-1.0	-1.0	-1.200894411024448	Ok
9.41	-1	794	0	-1.0	-1.0	50.5133	-1.0	-1.0	-1.1961176641874416	Ok
9.43	-1	794	0	-1.0	-1.0	50.6049	-1.0	-1.0	-1.1913444877316581	Ok
9.44	-1	794	0	-1.0	-1.0	50.7271	-1.0	-1.0	-1.1866858419740136	Ok
9.46	-1	794	0	-1.0	-1.0	50.7882	-1.0	-1.0	-1.181505509897727	Ok
9.48	-1	794	0	-1.0	-1.0	50.8799	-1.0	-1.0	-1.1773972329770015	Ok
9.49	-1	794	0	-1.0	-1.0	50.9715	-1.0	-1.0	-1.1724464669039643	Ok
9.51	-1	794	0	-1.0	-1.0	51.0632	-1.0	-1.0	-1.1678815862737078	Ok
9.53	-1	794	0	-1.0	-1.0	51.1243	-1.0	-1.0	-1.163285520204367	Ok
9.54	-1	794	0	-1.0	-1.0	51.2159	-1.0	-1.0	-1.159441671745936	Ok
9.56	-1	794	0	-1.0	-1.0	51.3075	-1.0	-1.0	-1.1550959336746314	Ok
9.58	-1	794	0	-1.0	-1.0	51.3686	-1.0	-1.0	-1.1509521200385446	Ok
9.59	-1	794	0	-1.0	-1.0	51.4603	-1.0	-1.0	-1.147262020394506	Ok
9.61	-1	794	0	-1.0	-1.0	51.5214	-1.0	-1.0	-1.142771821972164	Ok
9.63	-1	794	0	-1.0	-1.0	51.613	-1.0	-1.0	-1.1393057911169158	Ok
9.64	-1	794	0	-1.0	-1.0	51.6741	-1.0	-1.0	-1.13518625469798	Ok
9.66	-1	794	0	-1.0	-1.0	51.7352	-1.0	-1.0	-1.1317654440252796	Ok
9.68	-1	794	0	-1.0	-1.0	51.7963	-1.0	-1.0	-1.1279838236237494	Ok
9.69	-1	794	0	-1.0	-1.0	51.8574	-1.0	-1.0	-1.1243978486829114	Ok
9.71	-1	794	0	-1.0	-1.0	51.9185	-1.0	-1.0	-1.120647530099771	Ok
9.73	-1	794	0	-1.0	-1.0	51.9796	-1.0	-1.0	-1.117246398210018	Ok
9.74	-1	794	0	-1.0	-1.0	52.0407	-1.0	-1.0	-1.1137827042573878	Ok
9.76	-1	794	0	-1.0	-1.0	52.1018	-1.0	-1.0	-1.1103195190896198	Ok
9.78	-1	794	0	-1.0	-1.0	52.1629	-1.0	-1.0	-1.1068968193090423	Ok
9.79	-1	794	0	-1.0	-1.0	52.224	-1.0	-1.0	-1.1040290974314015	Ok
9.81	-1	794	0	-1.0	-1.0	52.2851	-1.0	-1.0	-1.1008595717049687	Ok
9.83	-1	794	0	-1.0	-1.0	52.3156	-1.0	-1.0	-1.0978436318781508	Ok
9.84	-1	794	0	-1.0	-1.0	52.3767	-1.0	-1.0	-1.0952749216456388	Ok
9.86	-1	794	0	-1.0	-1.0	52.4378	-1.0	-1.0	-1.0923503370113705	Ok
9.88	-1	794	0	-1.0	-1.0	52.4989	-1.0	-1.0	-1.0893060410936044	Ok
9.89	-1	794	0	-1.0	-1.0	52.5294	-1.0	-1.0	-1.0866134069346234	Ok
9.91	-1	794	0	-1.0	-1.0	52.5905	-1.0	-1.0	-1.0845328941506933	Ok
9.93	-1	794	0	-1.0	-1.0	52.6211	-1.0	-1.0	-1.0818098608678848	Ok
9.94	-1	794	0	-1.0	-1.0	52.6822	-1.0	-1.0	-1.079786070213931	Ok
9.96	-1	794	0	-1.0	-1.0	52.7127	-1.0	-1.0	-1.0771995144912774	Ok
9.98	-1	794	0	-1.0	-1.0	52.7738	-1.0	-1.0	-1.0754032287562458	Ok
9.99	-1	794	0	-1.0	-1.0	52.8044	-1.0	-1.0	-1.0731362055349503	Ok
10.01	-1	794	0	-1.0	-1.0	52.8349	-1.0	-1.0	-1.0712804465166772	Ok
10.03	-1	794	0	-1.0	-1.0	52.8655	-1.0	-1.0	-1.0692082371928213	Ok
10.04	-1	794	0	-1.0	-1.0	52.9265	-1.0	-1.0	-1.0669990730329915	Ok
10.06	-1	794	0	-1.0	-1.0	52.9571	-1.0	-1.0	-1.0644580233942436	Ok
10.08	-1	794	0	-1.0	-1.0	53.0182	-1.0	-1.0	-1.0624783172436878	Ok
10.09	-1	794	0	-1.0	-1.0	53.0487	-1.0	-1.0	-1.0602192124006578	Ok
10.11	-1	794	0	-1.0	-1.0	53.0793	-1.0	-1.0	-1.0585557344663363	Ok
10.13	-1	794	0	-1.0	-1.0	53.1098	-1.0	-1.0	-1.0568617799066822	Ok
10.14	-1	794	0	-1.0	-1.0	53.1404	-1.0	-1.0	-1.0552080643362538	Ok
10.16	-1	794	0	-1.0	-1.0	53.1709	-1.0	-1.0	-1.053611463173665	Ok
10.18	-1	794	0	-1.0	-1.0	53.2015	-1.0	-1.0	-1.0516476824770724	Ok
10.19	-1	794	0	-1.0	-1.0	53.232	-1.0	-1.0	-1.0497951658647853	Ok
10.21	-1	794	0	-1.0	-1.0	53.2626	-1.0	-1.0	-1.0481062445473404	Ok
10.23	-1	794	0	-1.0	-1.0	53.2931	-1.0	-1.0	-1.0466388275954672	Ok
10.24	-1	794	0	-1.0	-1.0	53.3237	-1.0	-1.0	-1.0449428789161865	Ok
10.26	-1	794	0	-1.0	-1.0	53.3542	-1.0	-1.0	-1.0435160973918705	Ok
10.28	-1	794	0	-1.0	-1.0	53.3848	-1.0	-1.0	-1.0418935103787912	Ok
10.29	-1	794	0	-1.0	-1.0	53.4153	-1.0	-1.0	-1.0405814327900296	Ok
10.31	-1	794	0	-1.0	-1.0	53.4459	-1.0	-1.0	-1.0391338893973119	Ok
10.33	-1	794	0	-1.0	-1.0	53.4764	-1.0	-1.0	-1.038032987050783	Ok
10.34	-1	794	0	-1.0	-1.0	53.5069	-1.0	-1.0	-1.0368527385685344	Ok
10.36	-1	794	0	-1.0	-1.0	53.5375	-1.0	-1.0	-1.0355689749935386	Ok
10.38	-1	794	0	-1.0	-1.0	53.568	-1.0	-1.0	-1.0341997091471709	Ok
10.39	-1	794	0	-1.0	-1.0	53.568	-1.0	-1.0	-1.033223304225108	Ok
10.41	-1	794	0	-1.0	-1.0	53.5986	-1.0	-1.0	-1.0324266218606255	Ok
10.43	-1	794	0	-1.0	-1.0	53.6291	-1.0	-1.0	-1.0314591959773807	Ok
10.44	-1	794	0	-1.0	-1.0	53.6597	-1.0	-1.0	-1.030539013986551	Ok
10.46	-1	794	0	-1.0	-1.0	53.6902	-1.0	-1.0	-1.0296635620629921	Ok
10.48	-1	794	0	-1.0	-1.0	53.6902	-1.0	-1.0	-1.028837937405718	Ok
10.49	-1	794	0	-1.0	-1.0	53.7208	-1.0	-1.0	-1.0282819501871552	Ok
10.51	-1	794	0	-1.0	-1.0	53.7513	-1.0	-1.0	-1.027149927248981	Ok
10.53	-1	794	0	-1.0	-1.0	53.7513	-1.0	-1.0	-1.0261108645006685	Ok
10.54	-1	794	0	-1.0	-1.0	53.7819	-1.0	-1.0	-1.0253787700780865	Ok
10.56	-1	794	0	-1.0	-1.0	53.8124	-1.0	-1.0	-1.0241299424833932	Ok
10.58	-1	794	0	-1.0	-1.0	53.843	-1.0	-1.0	-1.0230193388739592	Ok
10.59	-1	794	0	-1.0	-1.0	53.843	-1.0	-1.0	-1.0220508529129533	Ok
10.61	-1	794	0	-1.0	-1.0	53.8735	-1.0	-1.0	-1.0214347468637077	Ok
10.63	-1	794	0	-1.0	-1.0	53.9041	-1.0	-1.0	-1.020346547061235	Ok
10.64	-1	794	0	-1.0	-1.0	53.9041	-1.0	-1.0	-1.0194382063068104	Ok
10.66	-1	794	0	-1.0	-1.0	53.9346	-1.0	-1.0	-1.0189360743374511	Ok
10.68	-1	794	0	-1.0	-1.0	53.9346	-1.0	-1.0	-1.0180044439805047	Ok
10.69	-1	794	0	-1.0	-1.0	53.9652	-1.0	-1.0	-1.0175230652117362	Ok
10.71	-1	794	0	-1.0	-1.0	53.9652	-1.0	-1.0	-1.0166547720746744	Ok
10.73	-1	794	0	-1.0	-1.0	53.9957	-1.0	-1.0	-1.0162872631740458	Ok
10.74	-1	794	0	-1.0	-1.0	54.0263	-1.0	-1.0	-1.0150917558900254	Ok
10.76	-1	794	0	-1.0	-1.0	54.0263	-1.0	-1.0	-1.0141757301419922	Ok
10.78	-1	794	0	-1.0	-1.0	54.0568	-1.0	-1.0	-1.0137552559900973	Ok
10.79	-1	794	0	-1.0	-1.0	54.0568	-1.0	-1.0	-1.0129986769023782	Ok
10.81	-1	794	0	-1.0	-1.0	54.0873	-1.0	-1.0	-1.01278249624909	Ok
10.83	-1	794	0	-1.0	-1.0	54.1179	-1.0	-1.0	-1.0117958953164876	Ok
10.84	-1	794	0	-1.0	-1.0	54.1179	-1.0	-1.0	-1.011128047156036	Ok
10.86	-1	794	0	-1.0	-1.0	54.1179	-1.0	-1.0	-1.0110088982549583	Ok
10.88	-1	794	0	-1.0	-1.0	54.1484	-1.0	-1.0	-1.0103371507310108	Ok
10.89	-1	794	0	-1.0	-1.0	54.1484	-1.0	-1.0	-1.0093728632925847	Ok
10.91	-1	794	0	-1.0	-1.0	54.179	-1.0	-1.0	-1.0089966199972966	Ok
10.93	-1	794	0	-1.0	-1.0	54.179	-1.0	-1.0	-1.0083761471617094	Ok
10.94	-1	794	0	-1.0	-1.0	54.2095	-1.0	-1.0	-1.0079127912587804	Ok
10.96	-1	794	0	-1.0	-1.0	54.2095	-1.0	-1.0	-1.0071992173743562	Ok
10.98	-1	794	0	-1.0	-1.0	54.2401	-1.0	-1.0	-1.0071259655325324	Ok
10.99	-1	794	0	-1.0	-1.0	54.2401	-1.0	-1.0	-1.0063654555642865	Ok
11.01	-1	794	0	-1.0	-1.0	54.2401	-1.0	-1.0	-1.0062452218480384	Ok
11.03	-1	794	0	-1.0	-1.0	54.2706	-1.0	-1.0	-1.005664540999229	Ok
11.04	-1	794	0	-1.0	-1.0	54.2706	-1.0	-1.0	-1.0048815281566952	Ok
11.06	-1	794	0	-1.0	-1.0	54.3012	-1.0	-1.0	-1.0043008848504669	Ok
11.08	-1	794	0	-1.0	-1.0	54.3012	-1.0	-1.0	-1.0035123622884001	Ok
11.09	-1	794	0	-1.0	-1.0	54.3317	-1.0	-1.0	-1.0034113858255351	Ok
11.11	-1	794	0	-1.0	-1.0	54.3317	-1.0	-1.0	-1.0026678579784771	Ok
11.13	-1	794	0	-1.0	-1.0	54.3317	-1.0	-1.0	-1.0026073833023728	Ok
11.14	-1	794	0	-1.0	-1.0	54.3623	-1.0	-1.0	-1.002134587554578	Ok
11.16	-1	794	0	-1.0	-1.0	54.3623	-1.0	-1.0	-1.0015029536173259	Ok
11.18	-1	794	0	-1.0	-1.0	54.3928	-1.0	-1.0	-1.0016026168388448	Ok
11.19	-1	794	0	-1.0	-1.0	54.3928	-1.0	-1.0	-1.001105459432296	Ok
11.21	-1	794	0	-1.0	-1.0	54.3928	-1.0	-1.0	-1.000856303058542	Ok
11.23	-1	794	0	-1.0	-1.0	54.3928	-1.0	-1.0	-1.0006723248078973	Ok
11.24	-1	794	0	-1.0	-1.0	54.4234	-1.0	-1.0	-1.0001183876741222	Ok
11.26	-1	794	0	-1.0	-1.0	54.4234	-1.0	-1.0	-0.9994533722509866	Ok
11.28	-1	794	0	-1.0	-1.0	54.4539	-1.0	-1.0	-0.9990812920504146	Ok
11.29	-1	794	0	-1.0	-1.0	54.4539	-1.0	-1.0	-0.9985954816726766	Ok
11.31	-1	794	0	-1.0	-1.0	54.4539	-1.0	-1.0	-0.9984009080732901	Ok
11.33	-1	794	0	-1.0	-1.0	54.4539	-1.0	-1.0	-0.998322527300548	Ok
11.34	-1	794	0	-1.0	-1.0	54.4845	-1.0	-1.0	-0.9979266387273987	Ok
11.36	-1	794	0	-1.0	-1.0	54.4845	-1.0	-1.0	-0.9969802237026513	Ok
11.38	-1	794	0	-1.0	-1.0	54.4845	-1.0	-1.0	-0.9968120093070245	Ok
11.39	-1	794	0	-1.0	-1.0	54.515	-1.0	-1.0	-0.9963223291147498	Ok
11.41	-1	794	0	-1.0	-1.0	54.515	-1.0	-1.0	-0.9957669822818702	Ok
11.43	-1	794	0	-1.0	-1.0	54.515	-1.0	-1.0	-0.9955497468566438	Ok
11.44	-1	794	0	-1.0	-1.0	54.515	-1.0	-1.0	-0.9954905083810133	Ok
11.46	-1	794	0	-1.0	-1.0	54.5456	-1.0	-1.0	-0.9951584250241143	Ok
11.48	-1	794	0	-1.0	-1.0	54.5456	-1.0	-1.0	-0.9943245961294983	Ok
11.49	-1	794	0	-1.0	-1.0	54.5456	-1.0	-1.0	-0.9943145951725356	Ok
11.51	-1	794	0	-1.0	-1.0	54.5456	-1.0	-1.0	-0.9940301510612369	Ok
11.53	-1	794	0	-1.0	-1.0	54.5761	-1.0	-1.0	-0.9939510631005767	Ok
11.54	-1	794	0	-1.0	-1.0	54.5761	-1.0	-1.0	-0.993414818710081	Ok
11.56	-1	794	0	-1.0	-1.0	54.5761	-1.0	-1.0	-0.9932641436206705	Ok
11.58	-1	794	0	-1.0	-1.0	54.6066	-1.0	-1.0	-0.9928420504651598	Ok
11.59	-1	794	0	-1.0	-1.0	54.6066	-1.0	-1.0	-0.9923977445613643	Ok
11.61	-1	794	0	-1.0	-1.0	54.6066	-1.0	-1.0	-0.9923372313131517	Ok
11.63	-1	794	0	-1.0	-1.0	54.6066	-1.0	-1.0	-0.9924820477455325	Ok
11.64	-1	794	0	-1.0	-1.0	54.6066	-1.0	-1.0	-0.9923968312365266	Ok
11.66	-1	794	0	-1.0	-1.0	54.6372	-1.0	-1.0	-0.9920846177415903	Ok
11.68	-1	794	0	-1.0	-1.0	54.6372	-1.0	-1.0	-0.9913150786391423	Ok
11.69	-1	794	0	-1.0	-1.0	54.6372	-1.0	-1.0	-0.9914155273502915	Ok
11.71	-1	794	0	-1.0	-1.0	54.6372	-1.0	-1.0	-0.9912867292466208	Ok
11.73	-1	794	0	-1.0	-1.0	54.6677	-1.0	-1.0	-0.9909271596746354	Ok
11.74	-1	794	0	-1.0	-1.0	54.6677	-1.0	-1.0	-0.9905909077653884	Ok
11.76	-1	794	0	-1.0	-1.0	54.6677	-1.0	-1.0	-0.9906850873747042	Ok
11.78	-1	794	0	-1.0	-1.0	54.6677	-1.0	-1.0	-0.9905485108096601	Ok
11.79	-1	794	0	-1.0	-1.0	54.6677	-1.0	-1.0	-0.9901815762908865	Ok
11.81	-1	794	0	-1.0	-1.0	54.6677	-1.0	-1.0	-0.9900650306440006	Ok
11.83	-1	794	0	-1.0	-1.0	54.6677	-1.0	-1.0	-0.989764347907586	Ok
11.84	-1	794	0	-1.0	-1.0	54.6983	-1.0	-1.0	-0.9892789349679361	Ok
11.86	-1	794	0	-1.0	-1.0	54.6983	-1.0	-1.0	-0.9883866923789796	Ok
11.88	-1	794	0	-1.0	-1.0	54.6983	-1.0	-1.0	-0.9884079155964274	Ok
11.89	-1	794	0	-1.0	-1.0	54.6983	-1.0	-1.0	-0.9882462254583192	Ok
11.91	-1	794	0	-1.0	-1.0	54.7288	-1.0	-1.0	-0.9879035159998122	Ok
11.93	-1	794	0	-1.0	-1.0	54.7288	-1.0	-1.0	-0.9876298146265057	Ok
11.94	-1	794	0	-1.0	-1.0	54.7288	-1.0	-1.0	-0.9878308950736948	Ok
11.96	-1	794	0	-1.0	-1.0	54.7288	-1.0	-1.0	-0.987846718814229	Ok
11.98	-1	794	0	-1.0	-1.0	54.7288	-1.0	-1.0	-0.9876801964830649	Ok
11.99	-1	794	0	-1.0	-1.0	54.7288	-1.0	-1.0	-0.9873283943630392	Ok
12.01	-1	794	0	-1.0	-1.0	54.7288	-1.0	-1.0	-0.9872758342858249	Ok
12.03	-1	794	0	-1.0	-1.0	54.7288	-1.0	-1.0	-0.9870877714508247	Ok
12.04	-1	794	0	-1.0	-1.0	54.7594	-1.0	-1.0	-0.9867661127927706	Ok
12.06	-1	794	0	-1.0	-1.0	54.7594	-1.0	-1.0	-0.9860794372187878	Ok
12.08	-1	794	0	-1.0	-1.0	54.7594	-1.0	-1.0	-0.9863526249123675	Ok
12.09	-1	794	0	-1.0	-1.0	54.7594	-1.0	-1.0	-0.9864885927992479	Ok
12.11	-1	794	0	-1.0	-1.0	54.7594	-1.0	-1.0	-0.9864875108821057	Ok
12.13	-1	794	0	-1.0	-1.0	54.7594	-1.0	-1.0	-0.9863492551793898	Ok
12.14	-1	794	0	-1.0	-1.0	54.7899	-1.0	-1.0	-0.9860706486893368	Ok
12.16	-1	794	0	-1.0	-1.0	54.7899	-1.0	-1.0	-0.9854259751359551	Ok
12.18	-1	794	0	-1.0	-1.0	54.7899	-1.0	-1.0	-0.9852588363252567	Ok
12.19	-1	794	0	-1.0	-1.0	54.7899	-1.0	-1.0	-0.9853895439706183	Ok
12.21	-1	794	0	-1.0	-1.0	54.7899	-1.0	-1.0	-0.9853816168722193	Ok
12.23	-1	794	0	-1.0	-1.0	54.7899	-1.0	-1.0	-0.9852342350566377	Ok
12.24	-1	794	0	-1.0	-1.0	54.7899	-1.0	-1.0	-0.9849515850503954	Ok
12.26	-1	794	0	-1.0	-1.0	54.7899	-1.0	-1.0	-0.9850120234902708	Ok
12.28	-1	794	0	-1.0	-1.0	54.7899	-1.0	-1.0	-0.9849813431785313	Ok
12.29	-1	794	0	-1.0	-1.0	54.7899	-1.0	-1.0	-0.9848593028696268	Ok
12.31	-1	794	0	-1.0	-1.0	54.8205	-1.0	-1.0	-0.9846478860827361	Ok
12.33	-1	794	0	-1.0	-1.0	54.8205	-1.0	-1.0	-0.9841150701803233	Ok
12.34	-1	794	0	-1.0	-1.0	54.8205	-1.0	-1.0	-0.984107675359285	Ok
12.36	-1	794	0	-1.0	-1.0	54.8205	-1.0	-1.0	-0.9839626791884957	Ok
12.38	-1	794	0	-1.0	-1.0	54.8205	-1.0	-1.0	-0.9836808008626146	Ok
12.39	-1	794	0	-1.0	-1.0	54.8205	-1.0	-1.0	-0.9837405870215984	Ok
12.41	-1	794	0	-1.0	-1.0	54.8205	-1.0	-1.0	-0.9837103337775819	Ok
12.43	-1	794	0	-1.0	-1.0	54.8205	-1.0	-1.0	-0.9835899248992531	Ok
12.44	-1	794	0	-1.0	-1.0	54.851	-1.0	-1.0	-0.9833792831642777	Ok
12.46	-1	794	0	-1.0	-1.0	54.851	-1.0	-1.0	-0.9828484423847529	Ok
12.48	-1	794	0	-1.0	-1.0	54.851	-1.0	-1.0	-0.9828411101812649	Ok
12.49	-1	794	0	-1.0	-1.0	54.851	-1.0	-1.0	-0.9831737198160878	Ok
12.51	-1	794	0	-1.0	-1.0	54.851	-1.0	-1.0	-0.9834134346677513	Ok
12.53	-1	794	0	-1.0	-1.0	54.851	-1.0	-1.0	-0.9835579642722353	Ok
12.54	-1	794	0	-1.0	-1.0	54.851	-1.0	-1.0	-0.9836093309386854	Ok
12.56	-1	794	0	-1.0	-1.0	54.851	-1.0	-1.0	-0.9835671838558925	Ok
12.58	-1	794	0	-1.0	-1.0	54.851	-1.0	-1.0	-0.9834331916161005	Ok
12.59	-1	794	0	-1.0	-1.0	54.8816	-1.0	-1.0	-0.983209267684567	Ok
12.61	-1	794	0	-1.0	-1.0	54.8816	-1.0	-1.0	-0.9826628652953631	Ok
12.63	-1	794	0	-1.0	-1.0	54.8816	-1.0	-1.0	-0.982642740341524	Ok
12.64	-1	794	0	-1.0	-1.0	54.8816	-1.0	-1.0	-0.9824851677307348	Ok
12.66	-1	794	0	-1.0	-1.0	54.8816	-1.0	-1.0	-0.9826679534459027	Ok
12.68	-1	794	0	-1.0	-1.0	54.8816	-1.0	-1.0	-0.9827572725331791	Ok
12.69	-1	794	0	-1.0	-1.0	54.8816	-1.0	-1.0	-0.9827546827271063	Ok
12.71	-1	794	0	-1.0	-1.0	54.8816	-1.0	-1.0	-0.9826611378081691	Ok
12.73	-1	794	0	-1.0	-1.0	54.8816	-1.0	-1.0	-0.9824758786078217	Ok
12.74	-1	794	0	-1.0	-1.0	54.8816	-1.0	-1.0	-0.982200214655035	Ok
12.76	-1	794	0	-1.0	-1.0	54.8816	-1.0	-1.0	-0.981833862269094	Ok
12.78	-1	794	0	-1.0	-1.0	54.8816	-1.0	-1.0	-0.9813772884126329	Ok
12.79	-1	794	0	-1.0	-1.0	54.8816	-1.0	-1.0	-0.9813097375452033	Ok
12.81	-1	794	0	-1.0	-1.0	54.8816	-1.0	-1.0	-0.9811979216534232	Ok
12.83	-1	794	0	-1.0	-1.0	54.8816	-1.0	-1.0	-0.9810431962616776	Ok
12.85	-1	794	0	-1.0	-1.0	54.8816	-1.0	-1.0	-0.9808438846826392	Ok
12.86	-1	794	0	-1.0	-1.0	54.8816	-1.0	-1.0	-0.9805998917094481	Ok
12.88	-1	794	0	-1.0	-1.0	54.8816	-1.0	-1.0	-0.9803118063979465	Ok
12.89	-1	794	0	-1.0	-1.0	54.9121	-1.0	-1.0	-0.9799807550553377	Ok
12.91	-1	794	0	-1.0	-1.0	54.9121	-1.0	-1.0	-0.9793775382714031	Ok
12.93	-1	794	0	-1.0	-1.0	54.9121	-1.0	-1.0	-0.9793454962656024	Ok
12.94	-1	794	0	-1.0	-1.0	54.9121	-1.0	-1.0	-0.9797031597346259	Ok
12.96	-1	794	0	-1.0	-1.0	54.9121	-1.0	-1.0	-0.9800144063662399	Ok
12.98	-1	794	0	-1.0	-1.0	54.9121	-1.0	-1.0	-0.980278047455746	Ok
12.99	-1	794	0	-1.0	-1.0	54.9121	-1.0	-1.0	-0.9804942543708359	Ok
13.01	-1	794	0	-1.0	-1.0	54.9121	-1.0	-1.0	-0.9806635570235924	Ok
13.03	-1	794	0	-1.0	-1.0	54.9121	-1.0	-1.0	-0.9807857383766428	Ok
13.04	-1	794	0	-1.0	-1.0	54.9121	-1.0	-1.0	-0.9808617080677399	Ok
13.06	-1	794	0	-1.0	-1.0	54.9121	-1.0	-1.0	-0.980891308282899	Ok
13.08	-1	794	0	-1.0	-1.0	54.9121	-1.0	-1.0	-0.9808756495079289	Ok
13.09	-1	794	0	-1.0	-1.0	54.9121	-1.0	-1.0	-0.9808137348548078	Ok
13.11	-1	794	0	-1.0	-1.0	54.9121	-1.0	-1.0	-0.9807064577547396	Ok
13.13	-1	794	0	-1.0	-1.0	54.9121	-1.0	-1.0	-0.980553383196174	Ok
13.14	-1	794	0	-1.0	-1.0	54.9121	-1.0	-1.0	-0.9803551712160157	Ok
13.16	-1	794	0	-1.0	-1.0	54.9121	-1.0	-1.0	-0.9801121532007498	Ok
13.18	-1	794	0	-1.0	-1.0	54.9427	-1.0	-1.0	-0.97982436471046	Ok
13.19	-1	794	0	-1.0	-1.0	54.9427	-1.0	-1.0	-0.9792632939301419	Ok
13.21	-1	794	0	-1.0	-1.0	54.9427	-1.0	-1.0	-0.9792740248232121	Ok
13.23	-1	794	0	-1.0	-1.0	54.9427	-1.0	-1.0	-0.9791918883412258	Ok
13.24	-1	794	0	-1.0	-1.0	54.9427	-1.0	-1.0	-0.979497716297363	Ok
13.26	-1	794	0	-1.0	-1.0	54.9427	-1.0	-1.0	-0.9797544345787713	Ok
13.28	-1	794	0	-1.0	-1.0	54.9427	-1.0	-1.0	-0.9799633969699203	Ok
13.29	-1	794	0	-1.0	-1.0	54.9427	-1.0	-1.0	-0.9801237881451739	Ok
13.31	-1	794	0	-1.0	-1.0	54.9427	-1.0	-1.0	-0.9802352074440713	Ok
13.33	-1	794	0	-1.0	-1.0	54.9427	-1.0	-1.0	-0.980298972313328	Ok
13.34	-1	794	0	-1.0	-1.0	54.9427	-1.0	-1.0	-0.9803153003798014	Ok
13.36	-1	794	0	-1.0	-1.0	54.9427	-1.0	-1.0	-0.9802833652545566	Ok
13.38	-1	794	0	-1.0	-1.0	54.9427	-1.0	-1.0	-0.9802052761937085	Ok
13.39	-1	794	0	-1.0	-1.0	54.9427	-1.0	-1.0	-0.9800800028428385	Ok
13.41	-1	794	0	-1.0	-1.0	54.9427	-1.0	-1.0	-0.979909683890746	Ok
13.43	-1	794	0	-1.0	-1.0	54.9427	-1.0	-1.0	-0.9796946198876749	Ok
13.44	-1	794	0	-1.0	-1.0	54.9427	-1.0	-1.0	-0.9794352582582145	Ok
13.46	-1	794	0	-1.0	-1.0	54.9427	-1.0	-1.0	-0.9791315323186986	Ok
13.48	-1	794	0	-1.0	-1.0	54.9427	-1.0	-1.0	-0.9787843226067444	Ok
13.49	-1	794	0	-1.0	-1.0	54.9427	-1.0	-1.0	-0.9783942013462146	Ok
13.51	-1	794	0	-1.0	-1.0	54.9427	-1.0	-1.0	-0.9779617902516846	Ok
13.53	-1	794	0	-1.0	-1.0	54.9427	-1.0	-1.0	-0.9779676772982007	Ok
13.54	-1	794	0	-1.0	-1.0	54.9427	-1.0	-1.0	-0.9779759303243748	Ok
13.56	-1	794	0	-1.0	-1.0	54.9427	-1.0	-1.0	-0.9766013577399186	Ok
13.58	-1	794	0	-1.0	-1.0	54.9427	-1.0	-1.0	-0.973772766318238	Ok
13.60	-1	794	0	-1.0	-1.0	54.9427	-1.0	-1.0	-0.9694187886650394	Ok
13.61	-1	794	0	-1.0	-1.0	54.9427	-1.0	-1.0	-0.9634686490625716	Ok
13.63	-1	794	0	-1.0	-1.0	54.9427	-1.0	-1.0	-0.9558514840660319	Ok
13.64	-1	794	0	-1.0	-1.0	54.9427	-1.0	-1.0	-0.9478810373443044	Ok
13.66	-1	794	0	-1.0	-1.0	54.9427	-1.0	-1.0	-0.9395568712169816	Ok
13.68	-1	794	0	-1.0	-1.0	54.9121	-1.0	-1.0	-0.9308785376074005	Ok
13.69	-1	794	0	-1.0	-1.0	54.8816	-1.0	-1.0	-0.9220372402840008	Ok
13.71	-1	794	0	-1.0	-1.0	54.8816	-1.0	-1.0	-0.9124419417066173	Ok
13.73	-1	794	0	-1.0	-1.0	54.8205	-1.0	-1.0	-0.9019655806727808	Ok
13.74	-1	794	0	-1.0	-1.0	54.7594	-1.0	-1.0	-0.8915752043569446	Ok
13.76	-1	794	0	-1.0	-1.0	54.6983	-1.0	-1.0	-0.8801296053897449	Ok
13.78	-1	794	0	-1.0	-1.0	54.6372	-1.0	-1.0	-0.8677257303416234	Ok
13.79	-1	794	0	-1.0	-1.0	54.5761	-1.0	-1.0	-0.8544625209544553	Ok
13.81	-1	794	0	-1.0	-1.0	54.515	-1.0	-1.0	-0.840441672986914	Ok
13.83	-1	794	0	-1.0	-1.0	54.4234	-1.0	-1.0	-0.82576173706511	Ok
13.84	-1	794	0	-1.0	-1.0	54.3317	-1.0	-1.0	-0.8106416457422884	Ok
13.86	-1	794	0	-1.0	-1.0	54.2401	-1.0	-1.0	-0.7946446998361545	Ok
13.88	-1	794	0	-1.0	-1.0	54.1179	-1.0	-1.0	-0.7779193554168279	Ok
13.89	-1	794	0	-1.0	-1.0	54.0263	-1.0	-1.0	-0.7607803940681204	Ok
13.91	-1	794	0	-1.0	-1.0	53.8735	-1.0	-1.0	-0.742862006669451	Ok
13.93	-1	794	0	-1.0	-1.0	53.7208	-1.0	-1.0	-0.7250893332209428	Ok
13.94	-1	794	0	-1.0	-1.0	53.568	-1.0	-1.0	-0.7067101991143729	Ok
13.96	-1	794	0	-1.0	-1.0	53.3848	-1.0	-1.0	-0.68805875518783	Ok
13.98	-1	794	0	-1.0	-1.0	53.2015	-1.0	-1.0	-0.6694106265565465	Ok
13.99	-1	794	0	-1.0	-1.0	53.0182	-1.0	-1.0	-0.6505597721045888	Ok
14.01	-1	794	0	-1.0	-1.0	52.8349	-1.0	-1.0	-0.6318000191718541	Ok
14.03	-1	794	0	-1.0	-1.0	52.6211	-1.0	-1.0	-0.6129515990286428	Ok
14.04	-1	794	0	-1.0	-1.0	52.4378	-1.0	-1.0	-0.5942462834537221	Ok
14.06	-1	794	0	-1.0	-1.0	52.224	-1.0	-1.0	-0.5759573876375139	Ok
14.08	-1	794	0	-1.0	-1.0	52.0101	-1.0	-1.0	-0.5579119393991141	Ok
14.09	-1	794	0	-1.0	-1.0	51.7352	-1.0	-1.0	-0.5398836354978938	Ok
14.11	-1	794	0	-1.0	-1.0	51.4908	-1.0	-1.0	-0.5220937090042086	Ok
14.13	-1	794	0	-1.0	-1.0	51.2159	-1.0	-1.0	-0.5040289792529645	Ok
14.14	-1	794	0	-1.0	-1.0	50.941	-1.0	-1.0	-0.48633650332066114	Ok
14.16	-1	794	0	-1.0	-1.0	50.666	-1.0	-1.0	-0.4690042699412358	Ok
14.18	-1	794	0	-1.0	-1.0	50.3911	-1.0	-1.0	-0.4518343661637395	Ok
14.19	-1	794	0	-1.0	-1.0	50.0856	-1.0	-1.0	-0.43513058405057614	Ok
14.21	-1	794	0	-1.0	-1.0	49.8107	-1.0	-1.0	-0.41915990012944015	Ok
14.23	-1	794	0	-1.0	-1.0	49.5052	-1.0	-1.0	-0.40336988707640975	Ok
14.24	-1	794	0	-1.0	-1.0	49.1998	-1.0	-1.0	-0.3888830213931107	Ok
14.26	-1	794	0	-1.0	-1.0	48.8637	-1.0	-1.0	-0.3745791912578026	Ok
14.28	-1	794	0	-1.0	-1.0	48.5277	-1.0	-1.0	-0.36075875065216967	Ok
14.29	-1	794	0	-1.0	-1.0	48.1917	-1.0	-1.0	-0.34721520852583426	Ok
14.31	-1	794	0	-1.0	-1.0	47.8557	-1.0	-1.0	-0.3337662530848377	Ok
14.33	-1	794	0	-1.0	-1.0	47.4891	-1.0	-1.0	-0.32071106411875033	Ok
14.34	-1	794	0	-1.0	-1.0	47.1531	-1.0	-1.0	-0.3080454880462944	Ok
14.36	-1	794	0	-1.0	-1.0	46.7865	-1.0	-1.0	-0.2959822306756927	Ok
14.38	-1	794	0	-1.0	-1.0	46.4505	-1.0	-1.0	-0.2843843154314391	Ok
14.39	-1	794	0	-1.0	-1.0	46.0839	-1.0	-1.0	-0.27377166811536763	Ok
14.41	-1	794	0	-1.0	-1.0	45.7174	-1.0	-1.0	-0.26413289904902626	Ok
14.43	-1	794	0	-1.0	-1.0	45.3508	-1.0	-1.0	-0.25533190860822175	Ok
14.44	-1	794	0	-1.0	-1.0	44.9537	-1.0	-1.0	-0.246712911413216	Ok
14.46	-1	794	0	-1.0	-1.0	44.5871	-1.0	-1.0	-0.2387573904275282	Ok
14.48	-1	794	0	-1.0	-1.0	44.19	-1.0	-1.0	-0.2309556795026637	Ok
14.49	-1	794	0	-1.0	-1.0	43.7929	-1.0	-1.0	-0.22376157524219514	Ok
14.51	-1	794	0	-1.0	-1.0	43.3958	-1.0	-1.0	-0.21695482012189798	Ok
14.53	-1	794	0	-1.0	-1.0	43.0292	-1.0	-1.0	-0.21068321389374245	Ok
14.54	-1	794	0	-1.0	-1.0	42.6321	-1.0	-1.0	-0.20501980158614735	Ok
14.56	-1	794	0	-1.0	-1.0	42.235	-1.0	-1.0	-0.20058490093632353	Ok
14.58	-1	794	0	-1.0	-1.0	41.8684	-1.0	-1.0	-0.19676312971874826	Ok
14.59	-1	794	0	-1.0	-1.0	41.4713	-1.0	-1.0	-0.19377853026213543	Ok
14.61	-1	794	0	-1.0	-1.0	41.0742	-1.0	-1.0	-0.191515977787447	Ok
14.63	-1	794	0	-1.0	-1.0	40.6771	-1.0	-1.0	-0.1897007437641951	Ok
14.64	-1	794	0	-1.0	-1.0	40.2799	-1.0	-1.0	-0.188447538673987	Ok
14.66	-1	794	0	-1.0	-1.0	39.8828	-1.0	-1.0	-0.18781383317469036	Ok
14.68	-1	794	0	-1.0	-1.0	39.4552	-1.0	-1.0	-0.1874122840373567	Ok
14.69	-1	794	0	-1.0	-1.0	39.0886	-1.0	-1.0	-0.18770713998339522	Ok
14.71	-1	794	0	-1.0	-1.0	38.6915	-1.0	-1.0	-0.18841096604415736	Ok
14.73	-1	794	0	-1.0	-1.0	38.2944	-1.0	-1.0	-0.19022639816529585	Ok
14.74	-1	794	0	-1.0	-1.0	37.9278	-1.0	-1.0	-0.19268334394509584	Ok
14.76	-1	794	0	-1.0	-1.0	37.5307	-1.0	-1.0	-0.19573124443189305	Ok
14.78	-1	794	0	-1.0	-1.0	37.1336	-1.0	-1.0	-0.19957065185216233	Ok
14.79	-1	794	0	-1.0	-1.0	36.767	-1.0	-1.0	-0.2036650130040214	Ok
14.81	-1	794	0	-1.0	-1.0	36.3699	-1.0	-1.0	-0.20848453372652415	Ok
14.83	-1	794	0	-1.0	-1.0	36.0033	-1.0	-1.0	-0.21381572534941745	Ok
14.84	-1	794	0	-1.0	-1.0	35.6368	-1.0	-1.0	-0.2193361167542569	Ok
14.86	-1	794	0	-1.0	-1.0	35.2702	-1.0	-1.0	-0.22528261174155068	Ok
14.88	-1	794	0	-1.0	-1.0	34.9036	-1.0	-1.0	-0.23224232242426024	Ok
14.89	-1	794	0	-1.0	-1.0	34.537	-1.0	-1.0	-0.23958687116087435	Ok
14.91	-1	794	0	-1.0	-1.0	34.201	-1.0	-1.0	-0.24733914722751188	Ok
14.93	-1	794	0	-1.0	-1.0	33.8345	-1.0	-1.0	-0.2559622971072512	Ok
14.94	-1	794	0	-1.0	-1.0	33.4984	-1.0	-1.0	-0.2650840002616748	Ok
14.96	-1	794	0	-1.0	-1.0	33.1624	-1.0	-1.0	-0.27447717906279917	Ok
14.98	-1	794	0	-1.0	-1.0	32.8264	-1.0	-1.0	-0.284472774621231	Ok
14.99	-1	794	0	-1.0	-1.0	32.5209	-1.0	-1.0	-0.29493243165341715	Ok
15.01	-1	794	0	-1.0	-1.0	32.1849	-1.0	-1.0	-0.30581740351380987	Ok
15.03	-1	794	0	-1.0	-1.0	31.8794	-1.0	-1.0	-0.31671218805769935	Ok
15.04	-1	794	0	-1.0	-1.0	31.574	-1.0	-1.0	-0.32843109583830943	Ok
15.06	-1	794	0	-1.0	-1.0	31.2685	-1.0	-1.0	-0.3404343146459624	Ok
15.08	-1	794	0	-1.0	-1.0	30.963	-1.0	-1.0	-0.352756794123012	Ok
15.10	-1	794	0	-1.0	-1.0	30.6881	-1.0	-1.0	-0.36556196421595794	Ok
15.11	-1	794	0	-1.0	-1.0	30.4132	-1.0	-1.0	-0.37836651832639273	Ok
15.13	-1	794	0	-1.0	-1.0	30.1382	-1.0	-1.0	-0.3915122219188204	Ok
15.14	-1	794	0	-1.0	-1.0	29.8633	-1.0	-1.0	-0.40520666335476596	Ok
15.16	-1	794	0	-1.0	-1.0	29.6189	-1.0	-1.0	-0.41888347794235725	Ok
15.18	-1	794	0	-1.0	-1.0	29.3745	-1.0	-1.0	-0.4329781596682648	Ok
15.19	-1	794	0	-1.0	-1.0	29.1302	-1.0	-1.0	-0.447390335996938	Ok
15.21	-1	794	0	-1.0	-1.0	28.8858	-1.0	-1.0	-0.4620937355869199	Ok
15.23	-1	794	0	-1.0	-1.0	28.672	-1.0	-1.0	-0.47686839129349673	Ok
15.24	-1	794	0	-1.0	-1.0	28.4581	-1.0	-1.0	-0.4916529258878048	Ok
15.26	-1	794	0	-1.0	-1.0	28.2137	-1.0	-1.0	-0.5068449932134615	Ok
15.28	-1	794	0	-1.0	-1.0	28.0305	-1.0	-1.0	-0.5218640977209026	Ok
15.29	-1	794	0	-1.0	-1.0	27.8472	-1.0	-1.0	-0.5366498644900172	Ok
15.31	-1	794	0	-1.0	-1.0	27.6639	-1.0	-1.0	-0.5518971249302403	Ok
15.33	-1	794	0	-1.0	-1.0	27.4806	-1.0	-1.0	-0.5672694075426854	Ok
15.34	-1	794	0	-1.0	-1.0	27.2973	-1.0	-1.0	-0.5828748034098712	Ok
15.36	-1	794	0	-1.0	-1.0	27.1446	-1.0	-1.0	-0.5981215579497974	Ok
15.38	-1	794	0	-1.0	-1.0	26.9919	-1.0	-1.0	-0.6134034052468196	Ok
15.39	-1	794	0	-1.0	-1.0	26.8391	-1.0	-1.0	-0.6287282767998492	Ok
15.41	-1	794	0	-1.0	-1.0	26.6864	-1.0	-1.0	-0.6438871643747186	Ok
15.43	-1	794	0	-1.0	-1.0	26.5642	-1.0	-1.0	-0.6586213108096038	Ok
15.44	-1	794	0	-1.0	-1.0	26.442	-1.0	-1.0	-0.6732185699231932	Ok
15.46	-1	794	0	-1.0	-1.0	26.3198	-1.0	-1.0	-0.6878574148121065	Ok
15.48	-1	794	0	-1.0	-1.0	26.1976	-1.0	-1.0	-0.7023525036532292	Ok
15.49	-1	794	0	-1.0	-1.0	26.106	-1.0	-1.0	-0.7164416031718548	Ok
15.51	-1	794	0	-1.0	-1.0	26.0143	-1.0	-1.0	-0.7304661244827946	Ok
15.53	-1	794	0	-1.0	-1.0	25.9227	-1.0	-1.0	-0.7444476007437243	Ok
15.54	-1	794	0	-1.0	-1.0	25.8311	-1.0	-1.0	-0.758181753045507	Ok
15.56	-1	794	0	-1.0	-1.0	25.77	-1.0	-1.0	-0.7714652012952762	Ok
15.58	-1	794	0	-1.0	-1.0	25.6783	-1.0	-1.0	-0.784580871285841	Ok
15.59	-1	794	0	-1.0	-1.0	25.6172	-1.0	-1.0	-0.797591995454059	Ok
15.61	-1	794	0	-1.0	-1.0	25.5561	-1.0	-1.0	-0.8095569218593296	Ok
15.63	-1	794	0	-1.0	-1.0	25.495	-1.0	-1.0	-0.8214962040173349	Ok
15.64	-1	794	0	-1.0	-1.0	25.4645	-1.0	-1.0	-0.8332846664690268	Ok
15.66	-1	794	0	-1.0	-1.0	25.4034	-1.0	-1.0	-0.8447404346638804	Ok
15.68	-1	794	0	-1.0	-1.0	25.3728	-1.0	-1.0	-0.8559752804016392	Ok
15.69	-1	794	0	-1.0	-1.0	25.3423	-1.0	-1.0	-0.8664503079380422	Ok
15.71	-1	794	0	-1.0	-1.0	25.3117	-1.0	-1.0	-0.8768215239657463	Ok
15.73	-1	794	0	-1.0	-1.0	25.2812	-1.0	-1.0	-0.8868896453383671	Ok
15.74	-1	794	0	-1.0	-1.0	25.2507	-1.0	-1.0	-0.896487824508024	Ok
15.76	-1	794	0	-1.0	-1.0	25.2201	-1.0	-1.0	-0.905411343954108	Ok
15.78	-1	794	0	-1.0	-1.0	25.2201	-1.0	-1.0	-0.9139605534256983	Ok
15.79	-1	794	0	-1.0	-1.0	25.2201	-1.0	-1.0	-0.9220649016614835	Ok
15.81	-1	794	0	-1.0	-1.0	25.1896	-1.0	-1.0	-0.9299139593920661	Ok
15.83	-1	794	0	-1.0	-1.0	25.1896	-1.0	-1.0	-0.9373021272537345	Ok
15.84	-1	794	0	-1.0	-1.0	25.1896	-1.0	-1.0	-0.9442264653996832	Ok
15.86	-1	794	0	-1.0	-1.0	25.1896	-1.0	-1.0	-0.9509175176646948	Ok
15.88	-1	794	0	-1.0	-1.0	25.2201	-1.0	-1.0	-0.9572529221446544	Ok
15.89	-1	794	0	-1.0	-1.0	25.2201	-1.0	-1.0	-0.9631175414783942	Ok
15.91	-1	794	0	-1.0	-1.0	25.2201	-1.0	-1.0	-0.9691855763245842	Ok
15.93	-1	794	0	-1.0	-1.0	25.2201	-1.0	-1.0	-0.9744744211484845	Ok
15.94	-1	794	0	-1.0	-1.0	25.2201	-1.0	-1.0	-0.9793348767597394	Ok
15.96	-1	794	0	-1.0	-1.0	25.2507	-1.0	-1.0	-0.9836851016773001	Ok
15.98	-1	794	0	-1.0	-1.0	25.2812	-1.0	-1.0	-0.987465167575811	Ok
15.99	-1	794	0	-1.0	-1.0	25.2812	-1.0	-1.0	-0.9914274149858001	Ok
16.01	-1	794	0	-1.0	-1.0	25.2812	-1.0	-1.0	-0.9949775190787581	Ok
16.03	-1	794	0	-1.0	-1.0	25.3117	-1.0	-1.0	-0.9981042893708353	Ok
16.04	-1	794	0	-1.0	-1.0	25.3423	-1.0	-1.0	-1.0007925697006907	Ok
16.06	-1	794	0	-1.0	-1.0	25.3728	-1.0	-1.0	-1.00336009758619	Ok
16.08	-1	794	0	-1.0	-1.0	25.3728	-1.0	-1.0	-1.005722288656206	Ok
16.09	-1	794	0	-1.0	-1.0	25.4034	-1.0	-1.0	-1.007769037865133	Ok
16.11	-1	794	0	-1.0	-1.0	25.4339	-1.0	-1.0	-1.009074617243275	Ok
16.13	-1	794	0	-1.0	-1.0	25.4339	-1.0	-1.0	-1.0104382814025248	Ok
16.14	-1	794	0	-1.0	-1.0	25.4645	-1.0	-1.0	-1.0118008534087986	Ok
16.16	-1	794	0	-1.0	-1.0	25.495	-1.0	-1.0	-1.0123028764929678	Ok
16.18	-1	794	0	-1.0	-1.0	25.495	-1.0	-1.0	-1.0127358604343508	Ok
16.19	-1	794	0	-1.0	-1.0	25.5256	-1.0	-1.0	-1.013041234886611	Ok
16.21	-1	794	0	-1.0	-1.0	25.5561	-1.0	-1.0	-1.0128357911630443	Ok
16.23	-1	794	0	-1.0	-1.0	25.5561	-1.0	-1.0	-1.012972504635042	Ok
16.24	-1	794	0	-1.0	-1.0	25.5867	-1.0	-1.0	-1.0129433185242402	Ok
16.26	-1	794	0	-1.0	-1.0	25.5867	-1.0	-1.0	-1.0123765409526297	Ok
16.28	-1	794	0	-1.0	-1.0	25.6172	-1.0	-1.0	-1.011612780913923	Ok
16.29	-1	794	0	-1.0	-1.0	25.6478	-1.0	-1.0	-1.0102759303571198	Ok
16.31	-1	794	0	-1.0	-1.0	25.6478	-1.0	-1.0	-1.0092199760495504	Ok
16.33	-1	794	0	-1.0	-1.0	25.6478	-1.0	-1.0	-1.008415554370891	Ok
16.34	-1	794	0	-1.0	-1.0	25.6783	-1.0	-1.0	-1.0070237808129163	Ok
16.36	-1	794	0	-1.0	-1.0	25.6783	-1.0	-1.0	-1.0050824535854728	Ok
16.38	-1	794	0	-1.0	-1.0	25.7089	-1.0	-1.0	-1.0034009440885094	Ok
16.39	-1	794	0	-1.0	-1.0	25.7089	-1.0	-1.0	-1.0016618355543883	Ok
16.41	-1	794	0	-1.0	-1.0	25.7089	-1.0	-1.0	-1.000245984897248	Ok
16.43	-1	794	0	-1.0	-1.0	25.7089	-1.0	-1.0	-0.9983178566151248	Ok
16.44	-1	794	0	-1.0	-1.0	25.7394	-1.0	-1.0	-0.9963593463347409	Ok
16.46	-1	794	0	-1.0	-1.0	25.7394	-1.0	-1.0	-0.9944534567206634	Ok
16.48	-1	794	0	-1.0	-1.0	25.7394	-1.0	-1.0	-0.9924881079915244	Ok
16.49	-1	794	0	-1.0	-1.0	25.7394	-1.0	-1.0	-0.9905533139282494	Ok
16.51	-1	794	0	-1.0	-1.0	25.7394	-1.0	-1.0	-0.9886918134316547	Ok
16.53	-1	794	0	-1.0	-1.0	25.77	-1.0	-1.0	-0.9864711014609312	Ok
16.54	-1	794	0	-1.0	-1.0	25.77	-1.0	-1.0	-0.9844086512862258	Ok
16.56	-1	794	0	-1.0	-1.0	25.77	-1.0	-1.0	-0.9828721980139042	Ok
16.58	-1	794	0	-1.0	-1.0	25.77	-1.0	-1.0	-0.9810303354640172	Ok
16.59	-1	794	0	-1.0	-1.0	25.77	-1.0	-1.0	-0.9793598644036281	Ok
16.61	-1	794	0	-1.0	-1.0	25.7394	-1.0	-1.0	-0.9774284130299357	Ok
16.63	-1	794	0	-1.0	-1.0	25.7394	-1.0	-1.0	-0.9756888355704759	Ok
16.64	-1	794	0	-1.0	-1.0	25.7394	-1.0	-1.0	-0.9738729071153082	Ok
16.66	-1	794	0	-1.0	-1.0	25.7394	-1.0	-1.0	-0.9719452100411532	Ok
16.68	-1	794	0	-1.0	-1.0	25.7089	-1.0	-1.0	-0.9699074455598877	Ok
16.69	-1	794	0	-1.0	-1.0	25.7089	-1.0	-1.0	-0.9682087212552677	Ok
16.71	-1	794	0	-1.0	-1.0	25.7089	-1.0	-1.0	-0.9660968943378225	Ok
16.73	-1	794	0	-1.0	-1.0	25.7089	-1.0	-1.0	-0.9644517801599691	Ok
16.74	-1	794	0	-1.0	-1.0	25.7089	-1.0	-1.0	-0.962838000250407	Ok
16.76	-1	794	0	-1.0	-1.0	25.6783	-1.0	-1.0	-0.9612545355044797	Ok
16.78	-1	794	0	-1.0	-1.0	25.6783	-1.0	-1.0	-0.9596650451213202	Ok
16.79	-1	794	0	-1.0	-1.0	25.6478	-1.0	-1.0	-0.9582354986441212	Ok
16.81	-1	794	0	-1.0	-1.0	25.6478	-1.0	-1.0	-0.9568941266000192	Ok
16.83	-1	794	0	-1.0	-1.0	25.6478	-1.0	-1.0	-0.9553295942800175	Ok
16.84	-1	794	0	-1.0	-1.0	25.6172	-1.0	-1.0	-0.953937021741981	Ok
16.86	-1	794	0	-1.0	-1.0	25.6172	-1.0	-1.0	-0.9526783714896773	Ok
16.88	-1	794	0	-1.0	-1.0	25.5867	-1.0	-1.0	-0.9517271227436803	Ok
16.89	-1	794	0	-1.0	-1.0	25.5561	-1.0	-1.0	-0.9510000144842048	Ok
16.91	-1	794	0	-1.0	-1.0	25.5561	-1.0	-1.0	-0.950148920161077	Ok
16.93	-1	794	0	-1.0	-1.0	25.5561	-1.0	-1.0	-0.9492636595793138	Ok
16.94	-1	794	0	-1.0	-1.0	25.5256	-1.0	-1.0	-0.9487353036073997	Ok
16.96	-1	794	0	-1.0	-1.0	25.495	-1.0	-1.0	-0.9480392978324206	Ok
16.98	-1	794	0	-1.0	-1.0	25.495	-1.0	-1.0	-0.9472647878816707	Ok
16.99	-1	794	0	-1.0	-1.0	25.495	-1.0	-1.0	-0.9464934052435228	Ok
17.01	-1	794	0	-1.0	-1.0	25.4645	-1.0	-1.0	-0.9461209122168995	Ok
17.03	-1	794	0	-1.0	-1.0	25.4339	-1.0	-1.0	-0.9456247611470999	Ok
17.04	-1	794	0	-1.0	-1.0	25.4339	-1.0	-1.0	-0.9450924980669669	Ok
17.06	-1	794	0	-1.0	-1.0	25.4034	-1.0	-1.0	-0.9446067201743058	Ok
